10 10 100 
0 1116 4.0 10 5 88 9 68 7 94 6 99 2 67 3 89 10 77 8 99 1 86 4 92 
0 984 4.0 10 6 72 4 50 7 69 5 75 3 94 9 66 1 92 2 82 8 94 10 63 
0 956 2.0 10 10 83 9 61 1 83 2 65 7 64 6 85 8 78 5 85 3 55 4 77 
0 939 2.0 10 8 94 3 68 2 61 5 99 4 54 7 75 6 66 1 76 10 63 9 67 
0 1060 2.0 10 4 69 5 88 10 82 9 95 1 99 3 67 7 95 6 68 8 67 2 86 
0 998 2.0 10 2 99 5 81 6 64 7 66 9 80 3 80 8 69 10 62 4 79 1 88 
0 1051 2.0 10 8 50 2 86 5 97 4 96 1 95 9 97 3 66 6 99 7 52 10 71 
0 1027 2.0 10 5 98 7 73 4 82 3 51 2 71 6 94 8 85 1 62 9 95 10 79 
0 1054 1.0 10 1 94 7 71 4 81 8 85 2 66 3 90 5 76 6 58 9 93 10 97 
0 915 1.0 10 4 50 1 59 2 82 9 67 8 56 10 96 7 58 5 81 6 59 3 96 
