10 10 100 
0 708 4.0 10 8 62 9 24 6 25 4 84 5 47 7 38 3 82 1 93 10 24 2 66 
0 859 4.0 10 6 47 3 97 9 92 10 22 2 93 5 29 8 56 4 80 1 78 7 67 
0 637 2.0 10 2 45 8 46 7 22 3 26 10 38 1 69 5 40 4 33 9 75 6 96 
0 885 2.0 10 5 85 9 76 6 68 10 88 4 36 7 75 3 56 2 35 1 77 8 85 
0 739 2.0 10 9 60 10 20 8 25 4 63 5 81 1 52 2 30 6 98 7 54 3 86 
0 886 2.0 10 4 87 10 73 6 51 3 95 5 65 2 86 7 22 9 58 1 80 8 65 
0 770 2.0 10 6 81 3 53 8 57 7 71 10 81 1 43 5 26 9 54 4 58 2 69 
0 631 2.0 10 5 20 7 86 6 21 9 79 10 62 3 34 1 27 2 81 8 30 4 46 
0 964 1.0 10 10 68 7 66 6 98 9 86 8 66 1 56 4 82 2 95 5 47 3 78 
0 646 1.0 10 1 30 4 50 8 34 3 58 2 77 6 34 9 84 5 40 10 46 7 44 
