10 10 100 
0 666 4.0 10 2 21 7 71 10 16 9 52 8 26 3 34 1 53 5 21 4 55 6 95 
0 864 4.0 10 5 55 3 31 6 98 10 79 1 12 8 66 2 42 9 77 7 77 4 39 
0 850 2.0 10 4 34 3 64 9 62 2 19 5 92 10 79 8 43 7 54 1 83 6 37 
0 988 2.0 10 2 87 4 69 3 87 8 38 9 24 10 83 7 41 1 93 6 77 5 60 
0 904 2.0 10 3 98 1 44 6 25 7 75 8 43 2 49 5 96 10 77 4 17 9 79 
0 676 2.0 10 3 35 4 76 6 28 10 10 5 61 7 9 1 95 9 35 2 7 8 95 
0 706 2.0 10 4 16 3 59 1 46 2 91 10 43 9 50 7 52 6 59 5 28 8 27 
0 634 2.0 10 2 45 1 87 4 41 5 20 7 54 10 43 9 14 6 9 3 39 8 71 
0 660 1.0 10 5 33 3 37 9 66 6 33 4 26 8 8 2 28 7 89 10 42 1 78 
0 1075 1.0 10 9 69 10 81 3 94 5 96 4 27 1 69 8 45 7 78 2 74 6 84 
