10 10 100 
0 689 4.0 10 5 18 8 21 10 41 3 45 4 38 9 50 6 84 7 29 2 23 1 82 
0 793 4.0 10 9 57 6 16 2 52 8 74 3 38 4 54 7 62 10 37 5 54 1 52 
0 1033 2.0 10 3 30 5 79 4 68 2 61 9 11 7 89 8 89 1 81 10 81 6 57 
0 692 2.0 10 1 91 9 8 4 33 8 55 6 20 3 20 5 32 7 84 2 66 10 24 
0 603 2.0 10 10 40 1 7 5 19 9 7 7 83 3 64 6 56 4 54 8 8 2 39 
0 886 2.0 10 4 91 3 64 6 40 1 63 8 98 5 74 9 61 2 6 7 42 10 15 
0 764 2.0 10 2 80 8 39 9 24 4 75 5 75 6 6 7 44 1 26 3 87 10 22 
0 585 2.0 10 2 15 8 43 3 20 1 12 9 26 7 61 4 79 10 22 6 8 5 80 
0 616 1.0 10 3 62 4 96 5 22 10 5 1 63 7 33 8 10 9 18 2 36 6 40 
0 816 1.0 10 2 96 1 89 6 64 4 95 10 23 8 18 9 15 3 64 7 38 5 8 
