10 10 100 
0 897 4.0 10 7 54 1 87 5 48 4 60 8 39 9 35 2 72 6 95 3 66 10 5 
0 694 4.0 10 4 20 10 46 7 34 6 55 1 97 9 19 5 59 3 21 8 37 2 46 
0 659 2.0 10 5 45 2 24 9 28 1 28 8 83 7 78 6 23 4 25 10 5 3 73 
0 683 2.0 10 10 12 2 37 5 38 4 71 9 33 3 12 7 55 1 53 8 87 6 29 
0 718 2.0 10 4 83 3 49 7 23 10 27 8 65 1 48 5 90 6 7 2 40 9 17 
0 836 2.0 10 2 66 5 25 1 62 3 84 10 13 7 64 8 46 9 59 6 19 4 85 
0 950 2.0 10 2 73 4 80 1 41 3 53 10 47 8 57 9 74 5 14 7 67 6 88 
0 905 2.0 10 6 64 4 84 7 46 2 78 1 84 8 26 9 28 10 52 3 41 5 63 
0 891 1.0 10 2 11 1 64 8 67 5 85 4 10 6 73 10 38 9 95 7 97 3 17 
0 1060 1.0 10 5 60 9 32 3 95 4 93 2 65 7 85 8 43 10 85 6 46 1 59 
