10 10 100 
0 987 4.0 10 3 44 4 5 6 58 5 97 1 9 8 84 9 77 10 96 2 58 7 89 
0 905 4.0 10 5 15 8 31 2 87 9 57 1 77 4 85 3 81 6 39 10 73 7 21 
0 809 2.0 10 10 82 7 22 5 10 4 70 2 49 1 40 9 34 3 48 8 80 6 71 
0 755 2.0 10 2 91 3 17 8 62 6 75 9 47 5 11 4 7 7 72 10 35 1 55 
0 892 2.0 10 7 71 2 90 4 75 1 64 3 94 9 15 5 12 8 67 10 20 6 50 
0 966 2.0 10 8 70 6 93 9 77 3 29 5 58 7 93 4 68 2 57 10 7 1 52 
0 841 2.0 10 7 87 2 63 5 26 6 6 3 82 4 27 8 56 9 48 10 36 1 95 
0 768 2.0 10 1 36 6 15 9 41 10 78 4 76 7 84 5 30 8 76 3 36 2 8 
0 884 1.0 10 6 88 3 81 4 13 7 82 5 54 8 13 9 29 10 40 2 78 1 75 
0 742 1.0 10 10 88 5 54 7 64 8 32 1 52 3 6 9 54 6 82 4 6 2 26 
