10 10 100 
0 600 4.0 10 7 9 2 81 5 55 3 40 9 32 4 37 1 6 6 19 10 81 8 40 
0 754 4.0 10 8 21 3 70 10 65 5 64 2 46 6 65 9 25 1 77 4 55 7 15 
0 819 2.0 10 3 85 6 37 1 40 4 24 2 44 7 83 5 89 9 31 8 84 10 29 
0 849 2.0 10 5 80 7 77 8 56 1 8 3 30 6 59 4 38 2 80 10 41 9 97 
0 838 2.0 10 1 91 7 40 5 88 2 17 3 71 4 50 10 59 9 80 6 56 8 7 
0 633 2.0 10 3 8 7 9 4 58 6 77 2 29 9 96 1 45 10 10 5 54 8 36 
0 1134 2.0 10 5 70 4 92 2 98 6 87 7 99 8 27 9 86 10 96 1 28 3 73 
0 948 2.0 10 2 95 8 92 4 85 5 52 7 81 10 32 9 39 1 59 3 41 6 56 
0 708 1.0 10 4 60 9 45 1 88 3 12 2 7 6 22 5 93 10 49 8 69 7 27 
0 883 1.0 10 1 21 3 61 4 68 6 26 7 82 10 71 9 44 5 99 8 33 2 84 
