10 10 100 
0 577 4.0 10 3 34 4 55 6 95 10 16 5 21 7 71 1 53 9 52 2 21 8 26 
0 748 4.0 10 4 39 3 31 1 12 2 42 10 79 9 77 7 77 6 98 5 55 8 66 
0 737 2.0 10 2 19 1 83 4 34 5 92 7 54 10 79 9 62 6 37 3 64 8 43 
0 856 2.0 10 5 60 3 87 9 24 6 77 4 69 8 38 2 87 7 41 10 83 1 93 
0 783 2.0 10 9 79 10 77 3 98 5 96 4 17 1 44 8 43 7 75 2 49 6 25 
0 586 2.0 10 9 35 8 95 7 9 10 10 3 35 2 7 6 28 5 61 1 95 4 76 
0 612 2.0 10 5 28 6 59 4 16 10 43 1 46 9 50 7 52 8 27 3 59 2 91 
0 549 2.0 10 6 9 5 20 3 39 7 54 2 45 8 71 1 87 4 41 10 43 9 14 
0 572 1.0 10 2 28 6 33 1 78 4 26 3 37 8 8 9 66 7 89 10 42 5 33 
0 932 1.0 10 3 94 6 84 7 78 10 81 2 74 4 27 9 69 1 69 8 45 5 96 
