10 10 100 
0 750 4.0 10 10 66 6 91 5 87 3 94 8 21 4 92 2 7 1 12 9 11 7 19 
0 585 4.0 10 4 13 3 20 5 7 2 14 10 66 1 75 7 77 6 16 8 95 9 7 
0 754 2.0 10 9 77 8 20 3 34 1 15 10 88 6 89 7 53 4 6 2 45 5 76 
0 928 2.0 10 4 27 3 74 7 88 5 62 8 52 9 69 6 9 10 98 1 52 2 88 
0 742 2.0 10 5 88 7 15 2 52 3 61 8 54 1 62 9 59 6 9 4 90 10 5 
0 877 2.0 10 7 71 1 41 5 38 4 53 8 91 9 68 2 50 6 78 3 23 10 72 
0 592 2.0 10 4 95 10 36 7 66 6 52 1 45 9 30 5 23 3 25 8 17 2 6 
0 912 2.0 10 5 65 2 8 9 85 1 71 8 65 7 28 6 88 4 76 10 27 3 95 
0 775 1.0 10 10 37 2 37 5 28 4 51 9 86 3 9 7 55 1 73 8 51 6 90 
0 640 1.0 10 4 39 3 15 7 83 10 44 8 53 1 16 5 46 6 24 2 25 9 82 
