10 10 100 
0 925 4.0 10 8 84 6 58 9 77 3 44 5 97 7 89 4 5 2 58 10 96 1 9 
0 849 4.0 10 7 21 2 87 5 15 6 39 3 81 4 85 8 31 9 57 10 73 1 77 
0 759 2.0 10 1 40 6 71 9 34 10 82 4 70 7 22 5 10 8 80 3 48 2 49 
0 708 2.0 10 6 75 3 17 4 7 7 72 5 11 8 62 9 47 10 35 2 91 1 55 
0 837 2.0 10 10 20 5 12 7 71 8 67 1 64 3 94 9 15 6 50 4 75 2 90 
0 906 2.0 10 7 93 6 93 2 57 8 70 9 77 5 58 1 52 3 29 10 7 4 68 
0 789 2.0 10 8 56 1 95 9 48 5 26 3 82 2 63 10 36 4 27 7 87 6 6 
0 720 2.0 10 4 76 6 15 10 78 2 8 9 41 3 36 5 30 7 84 1 36 8 76 
0 829 1.0 10 1 75 8 13 3 81 9 29 5 54 7 82 6 88 2 78 10 40 4 13 
0 696 1.0 10 3 6 2 26 8 32 7 64 5 54 1 52 6 82 4 6 10 88 9 54 
