10 10 100 
0 772 4.0 10 8 8 10 75 1 72 7 74 5 30 9 43 3 38 6 98 2 26 4 19 
0 635 4.0 10 7 19 9 73 4 43 1 23 2 85 5 39 6 13 10 26 3 67 8 9 
0 900 2.0 10 2 50 4 93 6 80 5 7 1 55 3 61 7 57 9 72 10 42 8 46 
0 990 2.0 10 2 68 8 43 5 99 7 60 6 68 1 91 9 11 4 96 10 11 3 72 
0 740 2.0 10 8 84 3 34 9 40 6 7 2 70 7 74 4 12 1 43 10 69 5 30 
0 883 2.0 10 9 60 1 49 5 59 6 72 10 63 2 69 8 99 7 45 4 27 3 9 
0 963 2.0 10 7 71 3 91 9 65 2 90 10 98 5 8 8 50 1 75 6 37 4 17 
0 979 2.0 10 9 62 8 90 6 98 4 31 3 91 5 38 10 72 2 9 1 72 7 49 
0 753 1.0 10 5 35 1 39 10 74 6 25 8 47 4 52 3 63 9 21 7 35 2 80 
0 760 1.0 10 10 58 1 5 4 50 9 52 2 88 7 20 3 68 6 24 5 53 8 57 
