10 10 100 
0 679 4.0 10 1 72 2 64 3 55 4 31 5 53 6 95 7 11 8 52 9 6 10 84 
0 867 4.0 10 1 61 4 27 5 88 3 78 2 49 6 83 9 91 7 74 8 29 10 87 
0 635 2.0 10 1 86 4 32 2 35 3 37 6 18 5 48 7 91 8 52 10 60 9 30 
0 661 2.0 10 1 8 2 82 5 27 4 99 7 74 6 9 3 33 10 20 8 59 9 98 
0 618 2.0 10 2 50 1 94 6 43 4 62 5 55 8 48 3 5 9 36 10 47 7 36 
0 529 2.0 10 1 53 7 30 3 7 4 12 2 68 9 87 5 28 10 70 8 45 6 7 
0 652 2.0 10 3 29 4 96 1 99 2 14 5 34 8 14 6 7 7 76 9 57 10 76 
0 903 2.0 10 3 90 1 19 4 87 5 51 2 84 6 45 10 84 7 58 8 81 9 96 
0 802 1.0 10 3 97 2 99 5 93 1 38 8 13 6 96 4 40 10 64 7 32 9 45 
0 681 1.0 10 3 44 1 60 9 29 4 5 7 74 2 85 5 34 8 95 10 51 6 47 
