10 10 100 
0 781 4.0 10 10 66 9 13 1 93 8 91 7 14 6 70 4 99 3 53 5 86 2 16 
0 653 4.0 10 9 34 10 99 1 62 8 65 6 62 5 64 7 21 3 12 4 9 2 75 
0 694 2.0 10 10 12 9 26 8 64 7 92 5 67 6 28 4 66 3 83 2 38 1 58 
0 777 2.0 10 1 77 2 73 4 82 3 75 7 84 5 19 6 18 8 89 9 8 10 73 
0 705 2.0 10 1 34 2 74 8 48 6 44 5 92 7 40 4 60 3 62 9 22 10 67 
0 885 2.0 10 10 8 9 85 4 58 8 97 6 92 5 89 7 75 3 77 2 95 1 5 
0 577 2.0 10 9 52 10 43 7 5 8 78 6 12 4 62 5 21 3 80 2 60 1 31 
0 747 2.0 10 10 81 9 23 8 23 7 75 5 78 6 56 4 51 3 39 2 53 1 96 
0 718 1.0 10 10 79 9 55 3 88 5 21 6 83 4 93 7 47 8 10 1 63 2 14 
0 672 1.0 10 1 43 2 63 3 83 4 29 5 52 6 98 7 54 8 39 9 33 10 23 
