10 10 100 
0 982 4.0 10 1 72 2 54 3 33 4 86 5 75 6 16 7 96 8 7 9 99 10 76 
0 889 4.0 10 1 16 4 88 5 48 9 52 10 60 7 29 8 18 6 89 3 80 2 76 
0 608 2.0 10 1 47 8 11 4 14 3 56 7 16 5 83 2 10 6 61 9 24 10 58 
0 659 2.0 10 1 49 2 31 4 17 9 50 6 63 3 35 5 65 8 23 7 50 10 29 
0 867 2.0 10 1 55 7 6 2 28 4 96 6 86 3 99 10 14 8 70 9 64 5 24 
0 924 2.0 10 5 46 1 23 7 70 9 19 3 54 4 22 10 85 8 87 6 79 2 93 
0 992 2.0 10 5 76 4 60 1 76 10 98 3 76 2 50 9 86 8 14 7 27 6 57 
0 870 2.0 10 5 93 7 27 10 57 4 87 9 86 3 54 8 24 6 49 1 20 2 47 
0 708 1.0 10 3 28 7 11 9 78 8 85 5 63 10 81 4 10 2 9 6 46 1 32 
0 905 1.0 10 3 22 10 76 6 89 9 13 7 88 4 10 8 75 5 98 2 78 1 17 
