10 10 100 
0 601 4.0 10 1 96 2 69 3 25 4 5 5 55 6 15 7 88 8 11 9 17 10 82 
0 698 4.0 10 1 11 2 48 3 67 4 38 5 18 8 24 7 62 6 92 10 96 9 81 
0 793 2.0 10 3 67 2 63 1 93 5 85 4 25 6 72 7 51 8 81 9 58 10 15 
0 635 2.0 10 3 30 2 35 1 27 5 82 4 44 8 92 7 25 6 49 10 28 9 77 
0 795 2.0 10 2 53 1 83 5 73 4 26 3 77 7 33 6 92 10 99 9 38 8 38 
0 842 2.0 10 2 20 1 44 5 81 4 88 3 66 7 70 6 91 10 37 9 55 8 96 
0 594 2.0 10 2 21 3 93 5 22 1 56 4 34 7 40 8 53 10 46 6 29 9 63 
0 555 2.0 10 2 32 3 63 5 36 1 26 4 17 6 85 8 15 9 55 10 16 7 82 
0 668 1.0 10 1 73 3 46 4 89 5 24 2 99 7 92 8 7 10 51 6 19 9 14 
0 695 1.0 10 1 52 3 20 4 70 5 98 2 23 6 15 8 81 9 71 10 24 7 81 
