10 10 100 
0 637 4.0 10 1 8 2 10 3 35 4 44 5 15 6 92 7 70 8 89 9 50 10 12 
0 879 4.0 10 1 63 9 39 4 80 6 22 3 88 2 39 10 85 7 27 8 74 5 69 
0 655 2.0 10 1 52 7 22 2 33 4 68 9 27 3 68 6 25 5 34 8 24 10 84 
0 814 2.0 10 1 31 2 85 5 55 9 80 6 58 8 11 7 69 10 56 4 73 3 25 
0 1129 2.0 10 1 97 6 98 10 87 9 47 8 77 5 90 4 98 3 80 2 39 7 40 
0 1030 2.0 10 2 97 6 68 1 44 10 67 3 44 9 85 4 78 7 90 8 33 5 81 
0 672 2.0 10 1 34 4 76 9 48 8 61 10 11 3 36 5 33 7 98 2 7 6 44 
0 936 2.0 10 1 44 10 5 5 85 2 51 6 58 8 79 3 95 7 48 4 86 9 73 
0 924 1.0 10 1 24 2 63 10 48 8 77 9 73 7 74 5 63 6 17 3 93 4 84 
0 763 1.0 10 1 51 3 5 5 40 10 60 2 46 6 58 9 54 4 72 7 29 8 94 
