10 10 100 
0 804 4.0 10 10 11 9 93 1 48 8 76 7 13 6 71 4 59 3 90 5 10 2 65 
0 762 4.0 10 9 52 10 76 1 84 8 73 6 56 5 10 7 26 3 43 4 39 2 49 
0 561 2.0 10 10 28 9 44 8 26 7 66 5 68 6 74 4 27 3 14 2 6 1 21 
0 619 2.0 10 1 18 2 58 4 62 3 46 7 25 5 6 6 60 8 28 9 80 10 30 
0 799 2.0 10 1 78 2 47 8 29 6 16 5 29 7 57 4 78 3 87 9 39 10 73 
0 727 2.0 10 10 66 9 51 4 12 8 64 6 67 5 15 7 66 3 26 2 20 1 98 
0 696 2.0 10 9 23 10 76 7 45 8 75 6 24 4 18 5 83 3 15 2 88 1 17 
0 768 2.0 10 10 56 9 83 8 80 7 16 5 31 6 93 4 30 3 29 2 66 1 28 
0 876 1.0 10 10 79 9 69 3 82 5 16 6 62 4 41 7 91 8 35 1 34 2 75 
0 748 1.0 10 1 5 2 19 3 20 4 12 5 94 6 60 7 99 8 31 9 96 10 63 
