10 10 100 
0 578 4.0 10 1 99 2 74 3 49 4 67 5 17 6 7 7 9 8 39 9 35 10 49 
0 811 4.0 10 1 49 4 67 5 82 3 92 2 62 6 84 9 45 7 30 8 42 10 71 
0 754 2.0 10 1 26 4 33 2 82 3 98 6 83 5 16 7 64 8 65 10 36 9 77 
0 731 2.0 10 1 41 2 62 5 73 4 94 7 51 6 46 3 55 10 31 8 64 9 46 
0 655 2.0 10 2 68 1 26 6 50 4 46 5 25 8 88 3 6 9 13 10 98 7 84 
0 852 2.0 10 1 24 7 80 3 91 4 55 2 48 9 99 5 72 10 91 8 84 6 12 
0 573 2.0 10 3 16 4 13 1 9 2 58 5 23 8 85 6 36 7 89 9 71 10 41 
0 664 2.0 10 3 54 1 41 4 38 5 53 2 11 6 74 10 88 7 46 8 41 9 65 
0 747 1.0 10 3 53 2 50 5 40 1 90 8 7 6 80 4 57 10 60 7 91 9 47 
0 929 1.0 10 3 45 1 59 9 81 4 99 7 71 2 19 5 75 8 77 10 94 6 95 
