10 10 100 
0 396 4.0 10 1 32 2 14 3 15 4 37 5 18 6 43 7 19 8 27 9 28 10 31 
0 382 4.0 10 1 8 4 12 5 49 9 24 10 52 7 19 8 23 6 19 3 17 2 32 
0 364 2.0 10 1 25 8 19 4 27 3 45 7 21 5 15 2 13 6 16 9 43 10 19 
0 333 2.0 10 1 24 2 18 4 41 9 29 6 14 3 17 5 23 8 15 7 18 10 23 
0 391 2.0 10 1 27 7 29 2 39 4 21 6 15 3 15 10 25 8 26 9 44 5 20 
0 412 2.0 10 5 17 1 15 7 51 9 17 3 46 4 16 10 33 8 25 6 30 2 25 
0 337 2.0 10 5 15 4 31 1 25 10 12 3 13 2 51 9 19 8 21 7 12 6 26 
0 310 2.0 10 5 8 7 29 10 25 4 15 9 17 3 22 8 32 6 20 1 11 2 28 
0 373 1.0 10 3 41 7 10 9 32 8 5 5 21 10 59 4 26 2 10 6 16 1 29 
0 309 1.0 10 3 20 10 7 6 44 9 22 7 33 4 25 8 29 5 12 2 14 1 0 
