10 10 100 
0 639 4.0 10 1 55 2 74 3 45 4 23 5 76 6 19 7 18 8 61 9 44 10 11 
0 639 4.0 10 1 63 2 43 3 51 4 18 5 42 8 11 7 29 6 52 10 29 9 88 
0 793 2.0 10 3 88 2 31 1 47 5 10 4 62 6 60 7 58 8 29 9 52 10 92 
0 684 2.0 10 3 16 2 71 1 55 5 55 4 9 8 49 7 83 6 54 10 7 9 57 
0 685 2.0 10 2 7 1 41 5 92 4 94 3 46 7 79 6 34 10 38 9 8 8 18 
0 670 2.0 10 2 25 1 5 5 89 4 94 3 14 7 94 6 20 10 23 9 44 8 39 
0 859 2.0 10 2 24 3 21 5 47 1 40 4 94 7 71 8 89 10 75 6 97 9 15 
0 657 2.0 10 2 5 3 7 5 74 1 28 4 72 6 61 8 9 9 53 10 32 7 97 
0 520 1.0 10 1 34 3 52 4 37 5 6 2 94 7 6 8 56 10 41 6 5 9 16 
0 691 1.0 10 1 77 3 74 4 82 5 10 2 29 6 15 8 51 9 65 10 37 7 21 
