10 10 100 
0 764 4.0 10 1 36 2 96 3 86 4 7 5 20 6 9 7 39 8 79 9 82 10 24 
0 913 4.0 10 1 16 9 95 4 67 6 63 3 87 2 24 10 62 7 49 8 92 5 16 
0 873 2.0 10 1 65 7 71 2 9 4 67 9 70 3 48 6 49 5 66 8 5 10 96 
0 856 2.0 10 1 50 2 31 5 6 9 13 6 98 8 97 7 93 10 30 4 34 3 83 
0 1054 2.0 10 1 99 6 7 10 55 9 78 8 68 5 81 4 90 3 75 2 66 7 40 
0 475 2.0 10 2 42 6 11 1 5 10 39 3 10 9 30 4 39 7 50 8 20 5 51 
0 979 2.0 10 1 38 4 68 9 86 8 77 10 32 3 89 5 37 7 53 2 43 6 89 
0 556 2.0 10 1 19 10 11 5 37 2 41 6 72 8 7 3 52 7 31 4 68 9 10 
0 897 1.0 10 1 83 2 21 10 23 8 87 9 58 7 89 5 74 6 29 3 74 4 23 
0 918 1.0 10 1 44 3 57 5 69 10 50 2 65 6 69 9 60 4 58 7 89 8 13 
