15 15 225 
0 1222 4.0 15 4 91 14 15 12 45 5 26 3 90 10 53 11 7 7 78 13 94 8 8 6 19 15 56 9 69 2 66 1 98 
0 1381 4.0 15 14 34 10 1 15 40 1 74 5 43 6 73 7 96 12 80 2 87 8 78 9 88 13 90 11 49 4 85 3 3 
0 1386 4.0 15 2 88 15 98 14 82 9 46 11 79 5 69 1 95 13 41 6 39 3 12 12 1 7 71 10 27 8 77 4 99 
0 1029 2.0 15 15 50 6 1 5 21 4 72 11 46 8 20 2 62 12 33 14 79 7 56 10 67 13 23 3 56 9 44 1 56 
0 1209 2.0 15 15 15 2 15 14 16 7 79 13 8 5 73 6 86 3 52 10 79 1 62 4 93 8 86 12 44 9 80 11 18 
0 1186 2.0 15 10 79 12 63 15 94 11 9 14 86 8 89 9 12 3 66 2 55 1 70 13 35 6 14 5 3 7 54 4 62 
0 1000 2.0 15 4 42 8 39 12 42 9 9 5 37 10 25 2 78 13 76 11 16 7 38 1 30 15 80 6 34 3 92 14 29 
0 1080 2.0 15 15 96 14 25 6 49 1 67 10 53 9 20 3 52 4 29 2 51 12 35 7 38 11 18 5 43 8 46 13 98 
0 1249 2.0 15 4 73 3 68 1 3 12 98 2 68 5 8 6 15 14 88 8 72 13 20 10 89 11 59 9 68 7 63 15 41 
0 996 2.0 15 15 30 10 43 12 80 14 64 2 14 6 6 4 36 5 88 1 71 13 51 7 63 3 32 9 16 11 63 8 7 
0 1473 2.0 15 15 18 13 90 3 55 6 25 5 72 2 92 14 88 1 69 9 89 11 83 8 58 12 35 4 79 7 43 10 86 
0 1140 2.0 15 5 50 14 64 4 88 2 57 12 25 9 73 10 18 8 4 1 69 3 40 7 28 11 37 6 42 13 82 15 83 
0 1153 1.0 15 12 2 10 41 2 13 9 75 13 31 15 66 3 72 11 66 8 96 1 45 14 29 7 49 4 96 6 50 5 38 
0 1246 1.0 15 2 80 5 90 6 36 7 50 12 76 4 15 10 31 11 89 9 87 3 55 8 49 14 23 15 19 13 38 1 93 
0 999 1.0 15 14 75 3 45 5 75 13 72 8 65 4 6 9 16 1 24 12 24 15 44 10 4 7 22 2 99 6 10 11 85 
