20 15 300 
0 1066 4.0 15 7 40 9 57 12 95 1 33 15 72 14 31 10 55 6 36 4 92 13 72 11 80 3 39 8 3 5 86 2 29 
0 1242 4.0 15 1 20 10 56 2 68 7 49 6 35 14 58 12 90 9 52 4 97 5 95 13 94 15 32 8 56 3 71 11 83 
0 968 4.0 15 9 98 4 5 10 97 2 85 1 31 11 5 6 16 15 19 13 75 14 50 7 23 3 63 8 89 12 65 5 24 
0 1019 4.0 15 6 80 2 58 8 41 11 34 1 94 3 63 14 8 12 75 15 60 4 42 7 38 10 3 9 73 13 79 5 36 
0 1272 2.0 15 3 71 10 65 7 26 8 59 1 54 9 69 14 86 6 86 11 43 4 7 13 35 5 86 15 99 2 94 12 99 
0 1144 2.0 15 6 82 4 70 10 53 3 74 2 58 5 70 11 50 9 37 14 90 1 22 12 9 13 98 7 30 15 94 8 43 
0 985 2.0 15 9 71 8 63 13 65 10 15 7 39 15 93 5 97 12 67 6 5 2 61 4 64 14 68 11 2 1 31 3 17 
0 913 2.0 15 14 7 8 10 7 65 12 63 3 92 1 90 15 85 5 81 4 32 2 62 11 5 9 21 10 5 13 49 6 36 
0 985 2.0 15 2 9 15 31 1 77 11 49 12 24 9 67 8 66 6 37 10 82 4 69 5 63 7 4 13 62 3 52 14 66 
0 969 2.0 15 14 67 2 73 4 87 15 28 6 43 10 13 3 18 1 73 12 69 8 20 13 97 5 73 11 64 7 8 9 13 
0 932 2.0 15 11 85 6 30 10 80 14 64 7 18 9 72 12 66 5 72 15 28 1 13 8 17 3 55 13 17 2 42 4 58 
0 1003 2.0 15 14 87 10 36 15 87 11 27 4 23 8 72 3 49 6 79 7 30 12 17 9 57 2 56 1 82 13 4 5 66 
0 833 2.0 15 6 6 10 62 8 78 9 78 11 62 14 17 3 43 7 18 2 53 1 16 13 66 12 20 4 69 5 49 15 4 
0 952 2.0 15 10 34 12 89 7 23 8 69 3 12 9 59 15 50 4 57 1 85 13 16 5 55 14 82 6 61 2 5 11 36 
0 851 2.0 15 11 71 3 19 2 96 6 9 1 85 4 88 15 3 12 68 5 52 9 29 10 29 8 22 13 10 7 9 14 65 
0 832 2.0 15 13 23 15 34 1 73 3 34 11 85 6 40 14 73 4 15 8 51 12 91 2 1 10 43 7 7 9 63 5 7 
0 1016 1.0 15 9 18 7 62 13 97 5 49 14 4 11 71 6 68 8 51 10 42 1 40 2 32 15 92 4 11 3 46 12 99 
0 882 1.0 15 15 1 6 93 13 46 5 12 2 11 14 82 7 56 3 39 9 84 8 43 11 77 12 22 10 23 4 47 1 43 
0 1237 1.0 15 8 98 3 38 7 92 4 72 9 78 15 70 6 47 10 32 5 84 14 84 1 63 12 95 13 59 2 26 11 14 
0 1097 1.0 15 11 80 8 53 14 72 5 9 6 89 4 30 7 35 2 34 9 52 1 87 13 97 12 34 10 73 15 68 3 31 
