20 15 300 
0 811 4.0 15 2 70 7 6 11 29 15 55 8 14 6 33 14 66 5 14 4 7 9 57 1 55 10 18 13 62 3 46 12 92 
0 1093 4.0 15 1 30 10 53 4 19 3 1 9 98 6 81 15 63 13 62 7 10 12 15 11 73 8 75 5 80 2 84 14 97 
0 924 4.0 15 2 42 7 61 3 6 12 60 4 24 5 70 11 78 10 11 13 35 9 38 8 61 6 90 1 74 15 1 14 60 
0 1132 4.0 15 13 76 15 84 9 72 10 17 6 27 4 86 1 84 2 71 14 90 11 27 7 13 12 98 5 3 8 57 3 66 
0 763 2.0 15 15 38 11 58 9 80 7 24 1 50 5 76 6 6 10 12 12 26 4 14 8 35 14 38 2 55 13 33 3 42 
0 867 2.0 15 9 77 3 87 10 59 13 19 4 84 1 85 14 63 15 51 6 18 12 29 8 2 2 13 5 1 7 25 11 54 
0 951 2.0 15 6 19 4 83 9 71 8 22 1 4 13 68 5 68 3 88 15 80 7 55 11 11 12 19 10 39 2 68 14 37 
0 943 2.0 15 6 38 9 98 13 11 2 3 8 33 5 43 3 19 10 90 7 56 15 83 14 76 1 97 4 2 11 76 12 1 
0 1004 2.0 15 15 25 9 65 8 88 13 56 7 75 11 48 1 40 2 19 12 39 10 40 6 43 5 99 3 23 4 74 14 39 
0 1076 2.0 15 1 97 15 66 3 54 6 29 11 23 5 9 10 74 8 46 12 85 7 98 4 74 14 12 2 71 13 65 9 25 
0 1021 2.0 15 2 3 4 40 12 81 1 74 10 67 6 93 3 76 15 16 7 12 8 67 9 52 13 20 14 24 11 71 5 90 
0 1021 2.0 15 13 13 9 59 4 95 11 79 3 46 1 16 8 67 10 67 15 64 6 85 5 85 2 27 12 26 14 56 7 1 
0 878 2.0 15 2 64 7 1 15 29 3 66 12 32 5 35 9 8 4 26 14 94 11 94 1 62 10 42 13 60 8 56 6 7 
0 845 2.0 15 2 3 5 7 10 40 4 93 12 55 15 75 9 25 1 21 14 30 11 82 3 1 7 58 6 53 8 88 13 19 
0 1081 2.0 15 3 66 8 88 4 48 2 77 9 38 5 78 15 16 12 41 13 93 6 38 11 25 1 51 14 14 7 98 10 61 
0 796 2.0 15 11 33 3 23 5 7 7 60 2 74 10 54 8 2 13 22 4 32 12 15 14 79 15 83 6 69 9 41 1 19 
0 982 1.0 15 3 61 1 26 6 66 15 85 5 34 7 15 12 59 11 75 9 3 8 80 14 39 2 69 4 6 10 73 13 65 
0 916 1.0 15 4 96 1 6 12 52 15 22 6 35 11 79 5 16 14 72 10 29 7 26 9 52 2 58 8 57 3 31 13 74 
0 1170 1.0 15 2 42 1 79 8 84 6 25 10 70 9 90 15 8 14 60 3 81 11 88 5 11 4 71 13 61 12 49 7 81 
0 1111 1.0 15 2 52 13 3 15 57 5 66 8 88 10 42 9 23 4 72 7 97 1 91 11 50 3 43 12 82 14 62 6 27 
