20 15 300 
0 1071 4.0 15 13 91 12 17 9 4 10 63 8 67 14 30 1 87 11 80 3 95 5 14 6 17 7 22 4 1 15 85 2 41 
0 934 4.0 15 3 77 6 77 1 9 11 77 5 24 2 8 14 64 12 6 4 12 15 13 7 71 9 76 10 95 13 8 8 6 
0 1149 4.0 15 4 92 3 3 7 12 10 27 6 58 13 66 1 99 14 33 8 7 11 78 15 96 2 30 5 54 9 23 12 88 
0 696 4.0 15 10 19 15 45 6 65 8 24 14 30 11 30 13 49 3 32 4 78 9 31 2 3 7 25 12 9 1 2 5 22 
0 1146 2.0 15 4 84 9 61 7 35 2 44 14 37 1 16 10 97 6 85 15 51 3 26 13 13 8 76 5 41 12 2 11 96 
0 1252 2.0 15 4 85 9 55 14 2 12 65 13 52 2 97 5 81 15 8 7 22 6 59 10 95 1 52 8 85 11 64 3 13 
0 960 2.0 15 12 64 3 94 1 4 7 13 5 98 2 26 6 32 13 20 10 97 8 28 4 63 9 2 14 23 11 14 15 62 
0 1237 2.0 15 13 56 4 98 5 56 12 28 9 1 2 96 6 27 1 38 14 41 7 94 11 77 10 63 3 63 15 81 8 6 
0 1378 2.0 15 6 63 9 98 8 64 1 37 13 89 14 96 2 88 7 13 5 72 15 28 11 57 10 99 4 11 3 8 12 96 
0 1204 2.0 15 7 17 4 71 10 80 9 33 3 87 2 82 13 44 8 14 6 85 15 2 1 60 5 72 12 27 14 63 11 66 
0 1006 2.0 15 7 47 1 42 5 61 15 17 9 65 14 5 13 96 12 47 11 9 2 20 10 10 8 11 6 86 4 90 3 65 
0 1224 2.0 15 1 66 7 91 5 8 4 37 9 99 3 90 12 16 2 89 10 17 6 98 14 87 13 8 11 40 15 33 8 37 
0 822 2.0 15 3 99 10 2 6 22 13 12 4 13 15 62 5 30 14 44 12 25 8 56 2 10 11 44 9 25 7 39 1 65 
0 1173 2.0 15 12 35 8 62 11 52 5 84 9 30 15 2 7 50 4 69 10 64 6 54 2 45 14 38 3 90 13 70 1 37 
0 811 2.0 15 9 73 14 40 11 16 13 21 1 50 10 10 3 46 7 2 12 48 2 16 4 58 15 37 6 12 8 30 5 82 
0 1296 2.0 15 15 76 8 40 12 21 7 91 11 48 10 6 3 91 1 75 2 79 13 51 9 51 4 81 5 70 14 65 6 19 
0 1107 1.0 15 9 49 14 5 8 59 10 40 12 74 13 70 6 84 5 47 3 25 4 86 15 75 7 26 1 51 11 32 2 15 
0 933 1.0 15 9 11 15 18 6 6 12 60 2 83 1 64 8 85 4 21 13 52 3 49 10 30 11 56 14 31 7 25 5 31 
0 1213 1.0 15 9 83 7 42 2 11 12 64 8 44 13 90 15 8 11 35 1 72 10 67 4 72 5 55 6 43 14 88 3 35 
0 1195 1.0 15 14 19 2 53 5 80 1 89 6 21 8 34 4 56 7 89 13 50 9 28 12 15 3 27 11 74 15 83 10 79 
