20 15 300 
0 1260 4.0 15 9 78 2 22 11 89 8 46 10 42 6 59 7 13 4 90 3 41 14 69 5 71 1 13 15 48 12 97 13 62 
0 1050 4.0 15 2 87 10 56 5 44 6 1 1 74 12 3 7 89 8 77 13 29 3 17 15 12 9 60 14 92 11 35 4 24 
0 1098 4.0 15 7 57 3 6 9 73 10 36 4 57 6 25 5 94 13 21 12 46 8 89 11 47 14 2 1 57 15 67 2 55 
0 1050 4.0 15 5 74 10 40 2 1 3 37 14 52 4 84 7 50 1 39 13 65 6 80 11 44 8 70 9 25 12 27 15 12 
0 994 2.0 15 7 15 8 72 10 25 14 69 12 8 2 96 6 14 1 13 13 31 4 74 15 13 3 91 5 39 9 57 11 46 
0 877 2.0 15 3 95 13 2 7 68 14 22 9 40 5 33 2 36 15 32 6 50 10 32 11 10 1 63 4 85 8 16 12 1 
0 997 2.0 15 14 15 3 98 13 21 6 10 12 35 7 76 9 29 5 64 11 34 8 25 2 88 1 30 4 52 10 43 15 45 
0 1119 2.0 15 10 14 9 21 15 86 8 2 4 19 11 78 2 92 13 85 5 54 14 61 12 6 7 13 6 85 1 87 3 43 
0 994 2.0 15 15 8 4 58 7 67 9 16 13 99 10 33 5 14 6 47 2 21 8 77 1 64 11 29 3 73 12 10 14 47 
0 1342 2.0 15 12 55 5 84 15 55 9 26 14 83 11 6 10 99 1 51 6 28 7 63 3 93 13 52 4 86 2 68 8 46 
0 903 2.0 15 7 43 3 19 9 32 1 36 4 18 6 60 8 97 11 13 15 48 10 36 12 79 14 14 5 69 2 15 13 23 
0 1045 2.0 15 10 12 2 68 15 36 1 72 14 90 3 68 8 28 9 13 6 18 12 68 5 49 11 52 7 50 4 63 13 10 
0 1002 2.0 15 9 76 12 75 13 73 4 40 8 58 14 23 7 6 2 31 15 5 6 16 10 73 3 41 5 47 1 67 11 37 
0 1087 2.0 15 9 93 13 58 8 58 12 93 4 21 15 90 7 13 11 82 6 6 2 62 3 52 10 44 1 4 5 29 14 20 
0 1360 2.0 15 11 98 14 66 13 63 9 63 4 71 12 9 6 10 15 94 1 93 5 77 3 47 7 40 2 24 10 96 8 56 
0 1140 2.0 15 9 33 7 18 11 95 15 80 2 87 12 3 4 72 6 18 13 30 10 32 3 93 5 10 1 86 8 58 14 45 
0 1122 1.0 15 14 69 3 83 9 62 15 77 8 41 1 13 10 8 7 87 4 3 12 65 11 40 6 11 13 32 2 71 5 86 
0 1225 1.0 15 1 21 14 77 13 76 7 77 8 61 3 82 12 76 15 42 9 6 4 88 5 51 11 50 2 29 6 63 10 18 
0 1380 1.0 15 10 87 7 16 3 98 13 27 1 58 9 59 12 69 5 95 6 85 2 80 8 97 4 88 15 11 11 8 14 42 
0 1110 1.0 15 3 25 9 16 7 20 13 67 15 85 11 74 14 48 6 44 1 95 8 28 12 66 10 34 4 25 5 94 2 19 
