15 15 225 
0 1114 4.0 15 9 35 3 78 8 79 15 65 13 53 1 14 5 93 4 70 14 14 6 90 10 95 11 49 7 36 2 85 12 1 
0 985 4.0 15 3 83 9 41 7 22 5 29 12 52 1 71 10 16 8 93 6 54 4 63 2 12 11 85 14 62 15 45 13 30 
0 1164 4.0 15 6 60 12 43 9 71 15 2 13 50 2 37 5 86 10 81 11 60 7 57 14 66 1 24 3 98 4 92 8 69 
0 873 2.0 15 10 14 14 59 9 35 7 6 13 25 6 57 11 1 3 44 2 94 1 30 15 95 12 93 4 51 5 52 8 16 
0 1098 2.0 15 9 96 11 39 4 75 14 98 15 2 6 38 5 69 1 32 13 95 12 63 10 4 7 11 3 50 2 95 8 78 
0 898 2.0 15 8 73 3 28 10 43 6 47 11 57 5 88 4 33 2 13 12 7 9 49 7 23 15 38 14 21 1 99 13 72 
0 1012 2.0 15 3 3 11 80 2 67 13 93 15 91 4 31 1 52 5 64 10 83 6 2 12 90 14 64 8 16 9 18 7 25 
0 845 2.0 15 14 23 7 30 12 22 13 54 9 68 8 63 15 89 6 95 4 5 5 37 1 5 11 42 3 17 2 54 10 46 
0 838 2.0 15 9 44 5 59 7 87 8 62 1 51 12 55 14 3 13 40 3 26 4 18 11 15 2 18 6 72 15 35 10 60 
0 825 2.0 15 3 27 7 14 13 77 10 24 9 55 12 67 2 59 4 19 14 29 5 33 11 88 6 30 1 91 8 11 15 11 
0 1059 2.0 15 1 67 10 94 5 50 9 2 11 83 3 19 12 29 13 37 15 58 7 32 4 38 8 99 6 88 2 49 14 70 
0 863 2.0 15 9 60 2 7 13 81 6 82 8 58 11 83 10 16 5 1 12 69 7 7 14 3 3 84 15 8 1 12 4 93 
0 982 1.0 15 14 92 15 81 3 4 10 78 8 9 9 78 13 75 5 5 11 50 7 8 2 44 1 4 6 60 12 94 4 74 
0 1062 1.0 15 2 32 1 88 13 31 3 68 14 31 9 10 4 45 15 75 5 82 8 51 7 55 10 99 12 44 11 84 6 22 
0 1138 1.0 15 4 12 14 35 3 64 6 17 10 42 7 46 8 65 5 74 9 96 1 28 13 86 11 95 15 93 2 67 12 56 
