20 15 300 
0 934 4.0 15 9 56 14 25 4 17 8 63 11 9 7 30 15 75 13 22 10 42 3 83 1 69 5 90 6 88 12 20 2 30 
0 806 4.0 15 12 39 5 20 7 35 4 79 9 35 10 66 13 15 6 56 14 60 1 72 8 52 11 14 15 2 3 16 2 59 
0 943 4.0 15 15 5 10 31 5 55 1 70 3 49 14 70 7 92 8 40 12 13 2 14 4 49 6 30 11 50 13 77 9 81 
0 760 4.0 15 1 64 13 63 11 21 2 21 12 29 15 10 9 25 6 60 10 93 14 24 3 48 7 52 4 8 5 30 8 37 
0 770 2.0 15 3 4 7 32 5 10 14 77 9 45 13 37 4 89 11 60 10 59 12 42 1 48 8 30 2 22 6 23 15 15 
0 852 2.0 15 2 14 5 10 14 68 8 95 13 42 9 29 4 44 1 23 15 61 6 57 11 45 12 98 10 30 7 27 3 13 
0 889 2.0 15 7 50 13 55 4 23 12 25 1 51 2 55 8 9 14 87 5 21 9 48 6 55 10 22 15 47 11 50 3 86 
0 926 2.0 15 6 11 8 43 15 26 12 31 5 18 4 59 11 84 1 33 2 73 7 20 14 34 13 92 9 65 10 87 3 37 
0 1051 2.0 15 4 9 3 20 7 11 5 21 12 11 11 96 1 94 9 91 15 92 8 97 14 28 6 55 2 89 10 34 13 61 
0 959 2.0 15 4 10 12 58 15 86 11 86 3 87 5 18 2 74 14 64 7 12 10 22 6 80 9 5 13 95 8 6 1 35 
0 799 2.0 15 10 47 11 68 7 60 8 20 5 14 13 6 6 20 15 6 14 46 2 79 9 32 1 82 3 7 4 74 12 54 
0 951 2.0 15 8 20 6 99 12 55 15 78 9 35 1 26 14 23 13 87 3 86 10 25 11 98 2 1 5 16 4 33 7 50 
0 956 2.0 15 12 35 1 34 7 66 13 47 6 48 11 52 14 33 4 77 5 38 2 65 10 58 15 71 3 14 9 85 8 13 
0 989 2.0 15 3 85 10 86 5 15 7 68 4 32 8 83 14 80 6 81 13 10 11 12 2 31 12 38 9 78 15 44 1 18 
0 803 2.0 15 7 60 15 58 6 16 9 24 14 57 5 8 2 41 4 39 1 28 8 56 13 37 3 34 11 39 12 69 10 52 
0 960 2.0 15 11 76 15 87 9 91 8 13 7 4 6 32 2 58 14 62 12 83 3 48 4 41 10 36 13 68 1 28 5 12 
0 1287 1.0 15 6 1 12 67 2 98 5 41 8 84 7 34 15 86 14 75 9 93 13 83 4 66 3 93 1 47 10 58 11 64 
0 885 1.0 15 5 61 15 49 3 35 7 92 1 84 12 57 8 31 14 50 10 53 2 11 6 74 4 8 9 14 11 12 13 50 
0 1129 1.0 15 8 19 15 89 11 67 2 10 6 75 10 49 3 75 5 66 1 37 12 77 14 94 4 60 7 38 13 52 9 61 
0 943 1.0 15 12 29 14 73 8 62 9 19 7 99 1 95 6 2 5 39 11 70 2 90 4 10 3 60 10 21 13 40 15 17 
