20 15 300 
0 1299 4.0 15 8 15 13 89 7 49 4 95 9 40 6 79 1 44 10 59 2 87 11 88 3 48 5 44 14 43 15 11 12 75 
0 837 4.0 15 9 6 4 46 13 18 6 4 7 56 10 44 2 15 15 40 5 44 3 79 12 1 1 32 11 5 14 92 8 76 
0 1230 4.0 15 2 78 1 45 9 61 5 49 12 26 15 36 13 94 7 80 14 49 10 53 3 4 6 51 8 82 11 36 4 76 
0 1017 4.0 15 12 58 14 34 11 70 1 19 5 85 8 69 15 87 6 38 4 5 3 88 10 66 2 3 13 10 9 28 7 18 
0 898 2.0 15 15 78 7 7 3 83 11 75 12 39 6 24 13 10 10 13 4 42 2 2 14 61 5 26 1 11 8 89 9 39 
0 1041 2.0 15 8 80 6 88 13 13 14 92 10 11 12 62 2 42 5 3 4 6 7 36 3 49 9 98 1 40 15 59 11 15 
0 1095 2.0 15 15 83 14 12 9 48 10 1 2 76 1 32 12 1 5 81 3 53 4 70 11 78 7 75 8 7 13 82 6 31 
0 1162 2.0 15 8 75 14 13 5 9 12 11 1 49 11 15 6 57 3 84 7 77 2 80 9 41 13 82 4 68 10 64 15 50 
0 1237 2.0 15 6 39 12 64 5 88 2 9 13 97 15 99 14 27 8 48 9 18 7 49 10 50 3 26 1 54 4 80 11 77 
0 1266 2.0 15 10 66 5 87 4 27 9 47 15 68 6 75 7 31 14 25 12 49 11 85 13 86 8 12 2 26 3 82 1 78 
0 1303 2.0 15 12 93 14 87 7 74 6 26 11 60 4 76 13 3 9 98 3 72 5 52 10 73 2 75 1 28 15 1 8 51 
0 987 2.0 15 12 79 2 13 5 14 8 27 13 14 4 5 6 58 11 32 15 38 3 67 14 70 1 86 7 28 10 94 9 33 
0 1078 2.0 15 2 83 6 67 8 18 13 20 14 4 7 84 12 22 5 8 9 91 4 89 15 25 11 8 1 69 10 85 3 46 
0 817 2.0 15 5 64 11 18 8 12 9 43 4 78 14 65 1 20 15 53 12 32 13 49 10 25 7 10 2 43 3 30 6 3 
0 1320 2.0 15 9 99 5 29 12 50 14 99 2 53 10 65 1 23 7 49 13 91 6 1 3 86 11 7 4 68 8 71 15 89 
0 888 2.0 15 14 13 9 19 11 31 6 94 7 78 15 43 12 16 8 56 13 76 1 1 2 11 5 24 10 13 3 62 4 55 
0 868 1.0 15 6 43 9 24 14 85 12 20 10 6 15 44 11 49 2 41 13 67 7 47 5 25 8 86 4 6 1 6 3 30 
0 1177 1.0 15 3 68 10 92 5 15 1 80 6 29 8 72 9 22 11 41 13 49 12 36 4 97 14 80 7 23 2 77 15 4 
0 1252 1.0 15 2 51 5 34 9 10 11 96 7 74 12 80 10 65 6 75 14 14 1 83 8 13 13 78 4 61 15 43 3 58 
0 1110 1.0 15 2 69 11 56 14 15 13 89 6 22 5 21 7 89 15 16 12 59 8 83 9 20 3 33 10 11 1 67 4 90 
