20 20 400 
0 1363 4.0 20 11 84 10 45 17 53 19 48 18 9 6 9 15 39 3 79 14 83 20 50 13 24 4 49 9 81 5 5 2 70 16 89 1 91 7 25 12 80 8 36 
0 1340 4.0 20 5 75 20 48 6 6 7 32 3 68 8 23 17 44 13 21 10 42 12 13 9 74 14 31 15 62 4 91 2 65 16 66 19 26 18 96 1 97 11 51 
0 1513 4.0 20 11 49 4 26 15 35 1 64 17 55 2 78 3 72 6 83 8 59 16 16 18 92 14 68 20 64 5 4 12 76 13 82 10 70 19 75 9 65 7 31 
0 1209 4.0 20 2 55 9 58 18 37 12 32 1 31 11 65 13 65 6 85 14 50 5 94 7 37 4 20 16 94 8 20 17 31 15 30 10 49 3 8 20 22 19 47 
0 1457 2.0 20 14 81 17 68 19 2 11 69 16 38 5 7 15 81 6 79 20 76 3 94 18 65 1 11 7 98 8 38 4 95 2 93 10 9 13 21 12 17 9 79 
0 1587 2.0 20 6 64 8 7 16 94 20 29 18 77 5 75 13 50 3 78 4 57 19 29 9 66 14 93 1 74 10 73 15 80 11 8 12 26 7 87 2 69 17 85 
0 1309 2.0 20 11 49 4 59 13 91 9 59 10 25 17 44 20 50 7 41 14 33 12 89 18 79 1 3 15 54 19 82 2 63 5 31 16 15 6 2 8 67 3 71 
0 1017 2.0 20 5 4 15 20 19 23 4 33 17 65 8 44 10 57 11 20 18 93 12 23 16 18 1 8 6 72 7 54 20 18 14 93 13 43 2 18 9 56 3 21 
0 1326 2.0 20 9 58 5 25 8 34 6 89 10 54 20 89 4 12 1 51 14 74 15 78 12 4 18 72 17 81 11 92 2 69 3 35 13 25 7 35 19 10 16 33 
0 1595 2.0 20 12 33 20 84 13 75 5 66 19 49 7 77 9 87 14 44 16 37 3 67 1 33 2 75 4 65 18 44 17 66 11 45 6 93 10 98 8 22 15 67 
0 1554 2.0 20 1 17 18 26 2 54 19 25 14 92 13 34 7 47 8 80 3 24 6 92 16 75 11 68 12 84 10 72 20 84 17 94 5 69 15 96 4 34 9 29 
0 1583 2.0 20 1 66 11 79 6 74 9 67 3 72 2 22 16 50 8 30 19 47 4 75 13 43 14 44 10 71 18 61 20 54 12 99 17 11 7 97 15 75 5 81 
0 1487 2.0 20 17 35 14 75 5 99 20 72 19 92 7 90 11 26 6 91 10 70 18 82 2 13 13 45 15 82 9 58 16 38 12 19 4 66 1 23 8 49 3 19 
0 1145 2.0 20 18 82 14 74 5 40 13 33 8 9 1 33 12 26 4 44 3 18 9 73 17 41 19 96 2 39 7 91 15 89 16 11 11 1 20 2 6 69 10 10 
0 1346 2.0 20 13 25 11 32 17 41 6 14 10 67 1 25 7 94 19 89 2 21 3 98 16 92 12 72 15 57 4 4 9 1 8 2 14 84 20 91 18 42 5 85 
0 1157 2.0 20 8 29 2 98 5 41 14 87 17 52 13 9 10 22 4 2 15 79 19 73 1 16 11 22 6 97 18 13 9 19 3 13 20 50 7 43 16 91 12 34 
0 1229 1.0 20 15 91 9 41 19 47 18 61 16 66 20 31 4 92 13 42 17 19 1 98 3 36 2 29 14 8 6 25 11 5 12 90 10 62 8 63 7 17 5 23 
0 1357 1.0 20 9 69 10 78 16 61 8 52 6 40 2 71 1 40 19 61 15 93 3 37 7 32 13 48 18 7 5 37 11 69 20 4 12 79 14 81 17 10 4 75 
0 1380 1.0 20 17 90 5 16 16 68 15 32 9 96 8 7 19 42 20 52 13 38 6 68 7 72 10 78 2 10 3 61 14 40 4 31 1 81 12 69 18 84 11 27 
0 1315 1.0 20 5 91 9 17 3 75 15 7 16 44 7 10 14 32 18 78 13 9 10 69 8 45 6 87 4 90 2 50 1 42 12 2 20 21 11 62 19 93 17 88 
