20 20 400 
0 1760 4.0 20 7 64 2 57 16 81 3 98 20 59 14 87 17 93 19 62 4 20 13 14 15 85 6 45 11 47 8 9 9 94 10 9 1 15 18 66 12 1 5 94 
0 1892 4.0 20 9 39 7 96 11 88 10 83 20 77 2 58 1 83 18 3 3 78 12 68 8 64 14 97 19 33 16 25 5 47 15 44 6 7 4 60 17 42 13 91 
0 1721 4.0 20 2 96 4 66 5 88 13 60 1 22 15 92 8 62 20 14 11 89 12 39 6 94 19 66 14 10 16 53 17 26 9 15 10 65 3 82 18 10 7 27 
0 1947 4.0 20 19 93 16 92 11 96 2 70 20 83 10 74 3 31 13 88 5 51 1 57 14 78 17 8 15 7 12 91 4 79 6 18 9 51 18 18 7 99 8 33 
0 1468 2.0 20 3 4 11 82 13 40 16 86 8 50 15 54 18 21 6 6 9 54 2 68 14 82 1 20 4 39 17 35 5 68 10 73 12 23 19 30 7 30 20 53 
0 1884 2.0 20 1 94 17 58 11 93 10 32 18 91 9 30 6 56 4 27 20 92 12 9 16 78 3 23 15 21 5 60 13 36 14 29 2 95 7 99 8 79 19 76 
0 1784 2.0 20 12 93 1 42 2 52 20 42 10 96 11 29 9 61 18 88 19 70 17 16 5 31 4 65 13 83 8 78 7 26 16 50 6 87 15 62 3 14 14 30 
0 1547 2.0 20 17 18 4 75 9 20 11 4 19 91 8 68 2 19 15 54 20 85 3 73 13 43 7 24 6 37 12 87 18 66 5 32 14 52 10 9 16 49 1 61 
0 1790 2.0 20 18 35 19 99 16 62 12 6 11 62 13 7 15 80 4 3 2 57 1 7 17 85 10 30 7 96 20 91 8 13 9 87 5 82 3 83 14 78 6 56 
0 1616 2.0 20 10 85 6 8 4 66 3 88 12 15 5 5 17 59 15 30 8 60 14 41 2 17 19 66 9 89 16 78 13 88 7 69 18 45 20 82 1 6 11 13 
0 1625 2.0 20 6 90 10 27 19 1 1 8 4 91 17 80 7 89 2 49 3 32 12 28 16 90 20 93 8 6 9 35 5 73 11 47 13 43 18 75 15 8 14 51 
0 1732 2.0 20 12 3 6 84 10 34 5 28 4 60 16 69 18 45 8 67 19 58 20 87 14 65 2 62 7 97 13 20 11 31 1 33 15 33 17 77 3 50 9 80 
0 1496 2.0 20 16 48 4 90 5 75 8 96 19 44 14 28 20 21 10 51 3 75 11 17 12 89 15 59 7 56 18 63 13 18 17 17 1 30 9 16 2 7 6 35 
0 1401 2.0 20 14 57 11 16 17 42 9 34 5 37 2 26 3 68 20 73 15 5 13 8 19 12 18 87 1 83 6 20 10 97 8 20 7 85 4 61 12 9 16 36 
0 1220 2.0 20 1 63 6 11 5 45 20 10 15 33 9 5 2 41 17 47 16 9 11 74 13 33 3 35 12 78 7 12 8 22 19 44 14 8 4 97 18 10 10 86 
0 1408 2.0 20 12 33 17 60 18 21 11 96 16 69 13 34 1 94 6 15 5 23 9 84 4 16 8 55 14 50 2 5 19 59 10 35 20 12 7 57 15 11 3 51 
0 1222 1.0 20 8 72 9 42 6 4 14 62 20 15 17 27 12 16 2 34 15 8 19 50 11 85 7 12 4 48 16 5 5 25 3 40 1 81 10 46 18 67 13 25 
0 1552 1.0 20 18 83 11 92 16 25 6 40 5 21 15 4 9 43 19 38 14 60 7 24 20 3 4 28 2 86 10 68 12 55 3 91 13 97 17 19 8 73 1 20 
0 1830 1.0 20 15 28 4 81 17 46 1 98 11 46 19 29 5 96 2 12 6 71 20 32 13 64 10 39 12 16 16 97 14 99 8 49 18 75 9 7 7 79 3 80 
0 1368 1.0 20 14 71 11 9 4 11 15 8 2 4 9 47 1 93 17 82 20 6 5 49 7 7 10 24 12 92 6 13 3 86 8 80 18 34 13 75 16 35 19 29 
