20 20 400 
0 1229 4.0 20 11 47 3 61 10 7 4 13 8 52 5 33 19 83 13 60 7 57 15 7 16 74 1 93 6 59 18 46 9 7 14 84 20 56 12 58 17 45 2 4 
0 1194 4.0 20 1 97 15 15 3 18 12 73 9 37 7 94 8 20 16 69 13 13 19 26 2 48 17 71 14 96 20 5 11 42 6 15 5 64 4 36 18 6 10 74 
0 1506 4.0 20 9 87 8 89 2 28 13 81 5 47 19 53 15 67 3 78 16 14 11 92 12 94 17 26 1 68 18 36 10 79 6 71 14 94 20 28 7 25 4 2 
0 1036 4.0 20 11 99 16 65 1 9 7 52 19 10 17 55 10 20 3 67 20 69 6 16 12 10 14 54 9 47 8 4 5 66 18 33 13 9 2 53 4 30 15 29 
0 1528 2.0 20 11 33 19 64 17 17 5 81 6 42 10 60 9 14 4 95 13 36 15 95 18 37 2 85 1 48 12 74 3 76 20 68 16 77 14 14 8 91 7 69 
0 1344 2.0 20 4 86 13 16 10 34 12 83 20 79 15 89 3 22 2 74 11 58 14 71 6 22 9 36 8 53 18 80 17 53 19 1 1 57 16 68 5 26 7 26 
0 1155 2.0 20 3 4 8 83 7 26 20 54 6 16 10 88 12 16 17 61 11 41 9 54 2 98 19 3 5 84 1 11 14 55 4 18 16 67 15 62 13 17 18 31 
0 1251 2.0 20 13 16 8 99 19 46 20 40 6 54 11 27 9 71 15 95 12 9 18 46 1 57 10 86 16 7 7 16 2 70 5 15 4 71 3 41 17 83 14 14 
0 1340 2.0 20 9 30 13 24 8 95 5 41 6 53 11 84 4 55 10 54 1 42 3 75 14 55 12 57 2 62 20 23 15 28 17 3 18 83 16 88 19 11 7 68 
0 1400 2.0 20 18 78 15 63 6 21 11 64 14 91 12 75 10 53 5 35 3 77 8 29 1 68 4 92 7 89 9 49 19 47 2 33 16 4 17 58 20 18 13 33 
0 1458 2.0 20 3 25 18 86 10 55 15 68 2 56 8 43 16 23 4 15 5 88 7 28 6 41 1 87 19 75 12 77 11 49 13 52 17 80 9 25 20 94 14 55 
0 1205 2.0 20 20 40 11 29 10 27 5 70 2 76 8 19 19 67 3 9 16 10 12 8 4 83 9 49 14 70 17 62 7 70 13 38 18 68 6 46 15 77 1 9 
0 1432 2.0 20 1 72 17 82 2 78 13 12 18 98 14 98 9 46 20 79 5 88 4 11 8 36 10 67 19 97 16 22 11 53 7 21 3 22 12 17 6 43 15 60 
0 1147 2.0 20 8 60 13 77 14 32 9 51 18 31 10 65 17 18 11 3 7 31 4 12 15 35 5 54 12 44 20 10 6 43 2 77 19 40 16 98 1 69 3 33 
0 1521 2.0 20 6 72 11 42 2 20 5 2 3 50 7 67 15 81 8 95 12 39 19 45 10 82 14 50 16 89 4 77 1 63 20 44 18 42 17 40 13 86 9 84 
0 1549 2.0 20 5 62 14 6 19 46 4 40 20 75 11 89 15 11 3 13 13 89 2 71 8 69 12 86 6 60 9 92 16 56 7 88 10 80 1 18 17 75 18 66 
0 1569 1.0 20 9 51 16 16 17 60 20 38 6 43 7 94 13 3 3 53 11 80 15 96 1 70 4 66 10 83 14 82 2 83 5 70 12 22 18 94 19 46 8 57 
0 1268 1.0 20 6 6 20 28 12 71 13 9 7 27 4 88 5 90 9 72 2 43 18 16 19 36 3 44 14 41 15 37 16 80 17 84 11 86 8 91 1 24 10 3 
0 1202 1.0 20 8 43 2 27 11 46 19 67 15 89 17 10 6 63 14 33 5 14 20 95 3 61 7 66 1 68 13 46 12 27 16 5 4 17 18 64 9 10 10 74 
0 1427 1.0 20 1 83 10 35 17 39 5 97 3 99 8 77 16 98 14 88 2 51 7 31 20 88 4 24 11 34 9 44 12 29 6 37 19 23 13 15 18 50 15 56 
