20 15 300 
0 1291 4.0 15 8 84 1 58 13 71 5 26 2 98 10 36 3 12 12 30 11 87 15 95 6 45 7 28 14 73 4 73 9 45 
0 999 4.0 15 5 29 9 22 8 47 4 75 10 94 14 15 13 4 1 82 12 14 11 35 2 79 7 34 6 57 15 23 3 56 
0 1248 4.0 15 2 73 5 36 8 48 14 26 4 49 9 60 11 15 6 66 13 90 15 39 10 8 7 74 3 63 1 94 12 91 
0 1014 4.0 15 6 1 12 35 10 23 13 93 8 75 2 50 7 40 14 60 9 41 3 7 1 57 15 72 4 40 5 75 11 7 
0 906 2.0 15 5 13 12 15 13 17 2 14 1 67 10 94 7 18 14 52 3 53 15 16 6 33 11 61 4 47 9 65 8 39 
0 1378 2.0 15 3 54 7 80 4 87 9 36 15 54 1 72 5 17 11 44 12 37 2 88 8 77 14 84 13 17 6 82 10 90 
0 1114 2.0 15 5 4 15 62 6 33 11 62 9 86 8 30 7 39 2 67 1 42 13 31 10 83 14 39 12 67 4 67 3 31 
0 979 2.0 15 8 29 11 29 12 69 15 26 4 55 3 46 5 53 6 65 2 97 13 24 10 69 7 22 14 17 1 39 9 13 
0 1116 2.0 15 15 12 12 73 1 36 14 70 4 12 3 80 2 99 9 70 6 51 8 14 5 71 13 28 7 35 11 58 10 35 
0 1228 2.0 15 1 61 6 49 13 74 2 90 14 60 11 88 10 3 5 60 3 59 9 94 15 91 12 34 8 26 7 4 4 26 
0 1062 2.0 15 5 89 4 90 9 95 13 32 10 18 12 73 3 9 15 19 6 97 8 58 14 36 7 62 11 13 2 16 1 1 
0 1198 2.0 15 10 71 7 47 2 95 1 7 15 63 8 49 14 24 13 46 3 72 12 73 6 19 9 96 11 41 4 15 5 81 
0 1102 2.0 15 5 45 4 9 1 97 15 62 14 77 10 78 8 70 3 19 12 86 9 15 11 23 2 46 7 32 13 6 6 70 
0 1392 2.0 15 13 74 11 46 4 98 7 1 5 53 6 59 1 86 8 98 3 76 9 12 14 91 12 98 15 98 10 11 2 27 
0 1089 2.0 15 15 73 8 70 6 14 9 32 12 19 1 57 3 17 14 96 13 56 5 73 7 32 2 7 11 79 10 10 4 91 
0 955 2.0 15 7 39 15 87 13 11 3 81 8 7 6 79 9 24 14 9 12 58 10 42 1 67 4 27 5 20 2 19 11 67 
0 1165 1.0 15 10 76 6 89 15 64 11 14 13 11 2 14 5 99 14 85 1 81 12 3 4 46 3 47 8 40 7 81 9 27 
0 939 1.0 15 10 55 13 71 5 5 15 83 12 16 9 4 1 20 8 15 6 60 4 8 2 93 11 33 7 63 14 71 3 29 
0 1237 1.0 15 13 92 3 25 4 8 15 86 6 22 2 79 7 23 12 96 14 24 10 94 8 97 11 17 9 48 1 67 5 47 
0 1282 1.0 15 4 5 13 77 11 74 6 59 15 13 1 57 10 62 9 37 14 54 7 69 12 80 2 35 8 88 3 47 5 98 
