20 20 400 
0 1574 4.0 20 4 94 3 61 20 12 12 68 11 40 14 84 17 30 16 16 2 34 1 92 13 53 18 55 19 61 10 67 6 30 8 88 15 12 5 20 9 16 7 51 
0 1478 4.0 20 15 22 13 75 5 29 18 87 8 47 3 48 11 21 16 46 9 77 10 35 4 10 7 92 17 9 14 75 12 40 2 89 1 86 6 33 20 2 19 1 
0 1675 4.0 20 19 32 18 8 1 99 14 14 8 41 2 53 12 97 20 19 6 39 4 20 3 91 17 54 16 97 5 79 9 21 15 22 10 93 13 67 11 17 7 84 
0 1419 4.0 20 18 13 11 43 9 97 13 41 6 4 17 35 15 6 12 93 7 32 2 35 10 2 5 54 20 77 1 9 19 97 16 10 4 45 3 81 14 76 8 37 
0 1756 2.0 20 9 26 13 70 2 33 11 58 14 38 16 77 6 86 18 53 10 47 8 20 19 71 4 69 5 95 1 4 3 23 15 89 20 87 12 20 17 67 7 65 
0 1832 2.0 20 7 86 1 73 10 93 17 26 15 98 19 37 18 67 11 87 3 33 14 6 12 68 8 16 20 12 2 5 9 33 4 87 5 96 16 46 13 87 6 89 
0 1624 2.0 20 13 3 2 34 7 2 15 96 12 67 16 37 4 30 11 50 10 84 20 27 6 37 18 89 3 92 5 68 9 20 19 80 8 76 1 74 14 11 17 38 
0 1851 2.0 20 6 60 13 97 20 42 2 73 9 28 14 69 19 90 10 44 11 27 3 54 18 24 4 36 16 82 7 13 17 33 8 80 1 44 5 99 12 80 15 82 
0 1422 2.0 20 3 79 9 62 4 31 11 27 17 72 16 12 1 4 18 4 8 11 14 35 6 83 15 57 13 19 10 80 20 20 7 16 19 96 12 24 5 64 2 93 
0 1747 2.0 20 18 61 3 86 8 46 20 58 12 2 17 19 14 46 11 50 16 79 2 84 6 14 7 16 9 76 10 89 4 85 13 86 19 60 15 44 1 28 5 63 
0 1452 2.0 20 8 10 13 44 9 26 12 61 17 92 16 30 5 19 4 27 15 22 10 86 20 22 3 62 14 75 18 10 7 78 2 3 11 97 19 88 6 10 1 46 
0 1609 2.0 20 5 21 18 51 12 3 17 94 16 82 19 26 15 83 20 57 7 86 8 61 6 80 11 81 14 25 1 5 4 75 10 38 3 16 9 20 2 50 13 52 
0 1505 2.0 20 9 17 17 86 13 6 3 49 6 74 16 82 11 86 18 26 8 80 14 46 5 94 2 7 1 27 4 26 20 97 10 14 19 27 15 3 12 12 7 82 
0 1483 2.0 20 2 46 9 21 19 1 12 99 18 83 10 22 11 2 17 42 20 61 6 79 13 17 5 67 4 61 7 72 8 49 3 91 15 38 1 28 14 34 16 14 
0 1681 2.0 20 14 50 8 49 5 40 1 63 20 5 3 80 15 70 4 3 12 62 18 43 17 58 11 39 2 52 10 68 13 71 7 86 16 61 9 53 6 1 19 97 
0 1441 2.0 20 16 53 1 51 19 25 17 16 9 91 5 93 6 37 15 61 8 41 18 49 2 20 4 24 11 58 20 8 7 72 3 30 14 15 13 86 10 31 12 40 
0 1785 1.0 20 4 72 12 77 3 34 10 45 16 83 2 85 11 19 8 5 20 77 6 75 9 61 14 89 18 77 7 44 1 32 17 86 15 40 13 23 19 35 5 57 
0 1304 1.0 20 18 33 7 16 12 60 6 70 17 67 5 37 13 42 10 24 19 75 1 1 11 22 15 32 8 21 4 3 16 69 2 77 9 53 20 64 3 34 14 15 
0 1627 1.0 20 6 58 7 55 9 68 13 5 3 20 10 88 17 91 14 79 19 55 2 16 8 53 18 84 1 1 16 66 20 14 4 83 12 1 5 96 15 54 11 30 
0 1956 1.0 20 4 80 16 81 11 9 5 49 19 32 2 19 17 92 10 65 13 88 8 64 12 4 1 68 3 79 20 21 14 84 15 92 18 66 6 51 7 83 9 96 
