20 20 400 
0 1255 4.0 20 10 14 7 62 3 32 15 81 19 65 14 53 1 31 2 98 11 34 20 27 18 60 17 43 12 30 16 24 8 61 9 40 13 7 5 15 6 50 4 10 
0 1360 4.0 20 11 12 6 42 18 69 20 12 5 84 12 24 10 87 13 69 1 45 8 37 9 38 16 72 2 54 7 66 14 45 15 4 3 61 4 20 17 49 19 17 
0 1572 4.0 20 7 60 9 45 20 34 11 74 15 65 6 75 5 92 18 69 3 40 12 26 16 69 1 30 8 18 4 88 2 49 14 68 10 25 13 1 17 95 19 25 
0 1708 4.0 20 12 77 5 61 18 42 16 65 9 99 14 81 10 84 7 33 17 8 20 21 1 26 8 58 2 91 11 7 19 95 4 91 3 91 6 14 13 46 15 49 
0 1606 2.0 20 12 62 20 88 17 2 1 12 9 68 6 99 3 46 11 35 19 87 14 53 10 60 4 54 13 99 16 59 8 10 5 34 2 67 18 31 7 52 15 53 
0 1356 2.0 20 12 21 10 92 17 33 8 8 7 9 16 51 2 44 20 1 11 69 19 83 9 17 18 86 3 51 15 95 5 40 13 32 14 84 4 54 1 3 6 31 
0 1161 2.0 20 4 46 13 87 3 45 8 62 17 10 15 19 16 3 10 69 20 51 19 56 2 20 6 51 1 41 11 12 12 6 9 45 14 17 7 2 18 93 5 39 
0 1233 2.0 20 19 10 13 82 1 44 10 22 4 9 8 55 17 29 9 3 5 3 18 77 12 78 11 43 6 9 3 84 15 1 16 11 7 59 20 97 2 23 14 83 
0 1536 2.0 20 1 3 18 89 9 34 13 4 7 94 16 10 14 90 2 16 10 18 6 55 12 69 3 39 19 99 4 77 8 65 5 55 17 27 11 84 20 94 15 2 
0 1716 2.0 20 12 85 19 98 6 6 7 74 1 24 11 54 3 85 2 7 16 60 15 49 4 92 13 59 5 26 20 97 17 87 9 28 14 81 8 46 18 4 10 82 
0 1665 2.0 20 14 49 8 99 7 92 18 55 16 38 11 23 3 97 20 42 13 94 12 95 2 93 17 31 9 91 15 3 4 30 1 28 6 56 5 21 10 51 19 22 
0 1300 2.0 20 7 51 20 65 13 71 14 81 6 56 11 45 10 41 19 26 15 52 17 88 8 97 12 3 1 32 3 16 4 1 16 13 5 8 18 50 2 66 9 5 
0 1590 2.0 20 7 93 10 78 11 90 15 25 13 83 6 40 12 83 8 67 3 59 18 90 20 91 5 50 16 22 1 9 2 12 14 28 17 28 4 40 19 43 9 29 
0 1504 2.0 20 12 65 20 30 6 14 8 33 11 50 10 91 16 19 5 50 3 86 15 83 7 13 13 49 1 30 14 43 17 46 18 67 2 6 19 77 4 87 9 64 
0 1755 2.0 20 10 92 20 96 6 76 11 42 5 39 12 17 1 46 7 61 3 17 4 29 8 69 14 58 2 69 19 98 9 60 16 97 17 76 15 41 18 55 13 32 
0 1708 2.0 20 8 37 5 38 7 77 3 4 4 72 19 31 1 32 6 98 2 44 9 65 14 16 18 84 12 60 15 88 20 20 17 60 13 92 16 91 11 72 10 58 
0 1308 1.0 20 16 15 13 37 6 51 3 9 9 15 8 14 15 73 10 93 5 79 4 63 14 21 7 68 17 9 18 51 20 25 2 57 12 41 11 51 19 80 1 20 
0 1281 1.0 20 20 50 14 50 10 19 6 81 7 1 5 6 9 15 4 30 16 19 11 36 3 64 13 76 1 40 2 32 19 77 17 62 15 52 12 7 8 97 18 40 
0 1575 1.0 20 8 29 18 35 6 7 13 59 5 1 15 65 14 92 3 39 19 56 10 93 2 29 12 54 1 41 7 54 17 7 11 85 16 74 9 79 20 72 4 79 
0 1288 1.0 20 9 31 15 9 12 76 19 54 16 44 17 39 20 48 14 17 18 4 2 13 10 87 6 24 7 68 1 84 4 82 5 1 11 4 3 60 8 56 13 58 
