20 20 400 
0 1542 4.0 20 8 33 5 8 1 81 11 68 18 28 19 91 17 91 16 74 4 7 12 7 6 19 7 50 10 65 20 53 13 9 9 90 15 69 14 50 3 58 2 13 
0 1627 4.0 20 4 69 20 10 18 58 15 10 12 91 2 5 3 37 8 9 17 93 14 94 10 46 6 55 9 99 1 28 19 95 11 94 7 4 5 51 16 59 13 10 
0 1696 4.0 20 16 79 1 70 5 35 9 82 3 35 15 84 19 34 13 87 8 91 6 69 7 12 17 31 18 94 12 65 11 13 14 16 20 39 10 46 2 4 4 74 
0 1638 4.0 20 18 50 8 40 13 81 10 47 1 96 14 67 2 94 15 53 3 22 17 17 11 23 19 24 9 66 5 15 7 56 16 84 20 79 6 25 4 13 12 72 
0 1710 2.0 20 20 7 7 81 6 62 16 50 14 91 5 77 3 32 19 10 4 78 17 78 12 21 15 78 2 21 18 10 9 88 10 23 8 92 11 34 13 88 1 48 
0 1596 2.0 20 15 66 1 71 6 55 19 25 12 43 3 24 13 87 8 59 7 90 14 63 5 90 20 22 16 6 2 50 4 9 11 18 17 19 18 52 10 83 9 66 
0 1534 2.0 20 9 66 15 39 19 10 8 80 7 55 4 38 2 29 12 41 18 63 11 32 16 91 20 27 5 72 3 71 17 61 14 35 10 17 1 26 6 42 13 64 
0 1675 2.0 20 18 11 19 33 14 84 16 12 6 18 9 57 20 43 17 24 1 77 3 85 8 62 4 49 2 5 10 46 12 93 15 85 7 92 11 30 5 64 13 77 
0 1456 2.0 20 12 38 1 30 10 31 19 25 2 90 20 79 17 3 13 52 7 87 11 30 8 87 15 4 16 57 9 43 5 55 14 21 18 30 6 1 3 72 4 75 
0 1512 2.0 20 1 9 9 49 19 91 5 39 14 40 15 59 2 20 8 27 20 67 16 22 17 2 11 47 4 91 7 11 12 70 6 97 13 78 18 69 10 17 3 40 
0 1537 2.0 20 17 57 7 32 4 67 9 26 11 23 2 55 20 14 18 77 1 77 14 82 3 34 5 1 6 64 13 90 10 37 16 47 8 27 19 54 12 3 15 94 
0 1420 2.0 20 5 25 8 33 17 12 11 27 10 32 1 49 19 35 2 5 20 73 9 3 15 28 3 54 14 45 12 32 7 53 6 99 13 85 16 86 4 13 18 99 
0 1846 2.0 20 13 64 14 77 3 82 19 32 10 75 9 32 1 68 11 16 8 63 4 81 16 31 18 58 7 73 17 12 15 25 6 64 5 98 12 72 2 47 20 84 
0 1776 2.0 20 18 17 19 98 6 99 9 39 3 73 5 82 10 1 16 43 8 48 11 62 4 44 13 50 14 44 17 72 15 89 2 45 1 44 7 21 12 79 20 60 
0 1862 2.0 20 13 87 8 63 11 8 3 20 19 88 5 88 20 77 15 88 14 46 4 30 7 44 2 42 6 84 17 41 16 74 9 52 10 25 1 87 12 43 18 77 
0 1419 2.0 20 1 39 4 93 16 44 2 23 17 75 14 7 15 60 8 45 19 71 11 49 6 3 12 68 7 56 20 20 3 35 18 8 9 79 10 21 13 48 5 43 
0 1740 1.0 20 4 75 16 92 2 83 5 48 3 7 12 99 14 43 18 94 19 6 15 34 17 48 1 60 7 33 9 16 13 34 6 99 10 83 20 11 8 80 11 43 
0 1598 1.0 20 3 97 18 80 11 2 2 37 20 31 13 37 7 58 9 11 16 24 15 84 6 10 10 30 4 97 19 89 12 47 14 37 1 73 5 11 17 90 8 54 
0 1406 1.0 20 12 1 4 97 20 68 2 8 16 7 15 72 9 38 7 50 5 42 17 32 1 54 6 94 14 31 11 52 18 76 3 20 19 29 13 56 8 36 10 16 
0 1540 1.0 20 3 29 18 31 10 49 11 91 4 7 6 37 2 86 1 75 17 21 15 46 16 47 13 1 12 16 9 29 19 47 5 81 14 52 20 44 7 95 8 79 
