20 20 400 
0 1441 4.0 20 19 84 16 9 7 34 9 62 15 11 13 60 20 43 12 52 8 77 5 37 10 15 17 43 11 8 14 5 4 36 6 56 3 46 1 51 2 86 18 86 
0 1512 4.0 20 19 61 14 56 9 60 4 78 2 73 20 12 15 8 17 16 1 12 3 63 10 31 11 62 12 97 5 53 6 1 13 3 7 99 8 65 16 63 18 32 
0 1422 4.0 20 11 86 8 53 5 59 18 12 15 34 1 27 9 2 2 86 17 85 6 21 4 58 14 70 3 55 16 77 7 15 19 20 20 32 13 42 12 17 10 38 
0 1675 4.0 20 3 3 20 13 6 67 17 13 12 63 16 88 14 68 5 21 1 21 9 86 18 7 7 91 19 8 11 56 10 92 4 58 2 94 8 54 13 57 15 87 
0 1294 2.0 20 13 29 16 74 3 89 4 18 12 38 8 75 11 18 18 15 10 95 17 11 1 24 14 4 5 12 15 17 2 34 20 35 9 62 7 90 6 48 19 21 
0 1745 2.0 20 7 11 13 14 14 90 9 74 15 67 1 91 6 70 12 8 8 7 3 49 20 13 4 78 2 75 19 80 5 31 16 22 11 99 17 66 10 80 18 66 
0 1659 2.0 20 12 97 16 63 18 11 8 71 19 1 10 63 13 70 5 33 17 74 2 76 3 86 11 87 9 9 6 18 1 51 4 27 15 48 7 31 14 45 20 76 
0 1214 2.0 20 19 19 18 64 1 94 8 4 5 81 13 5 2 72 11 30 3 2 16 16 14 38 15 93 20 15 6 17 7 61 4 71 10 18 9 22 12 17 17 20 
0 1939 2.0 20 16 61 12 66 13 62 8 70 2 59 1 80 15 82 10 2 19 97 9 76 14 72 6 90 17 74 4 95 20 41 5 9 11 46 7 20 18 78 3 32 
0 1870 2.0 20 8 61 19 90 5 37 20 86 13 15 10 19 14 62 6 82 3 86 16 59 11 92 15 89 1 82 17 48 2 13 7 29 9 28 18 45 12 84 4 62 
0 1787 2.0 20 18 7 14 86 19 79 15 67 20 85 2 68 7 94 12 61 13 47 5 49 16 50 1 55 17 3 4 18 11 79 9 32 3 43 10 97 8 53 6 44 
0 1313 2.0 20 11 20 15 50 13 72 10 90 3 25 1 24 20 43 6 4 5 26 14 62 8 42 12 77 4 9 16 61 19 19 17 69 2 9 7 60 18 5 9 54 
0 1894 2.0 20 8 45 20 73 2 50 11 58 12 94 15 90 9 97 10 42 5 36 6 72 13 84 16 33 18 44 14 59 4 47 7 40 3 81 19 85 1 26 17 28 
0 1619 2.0 20 18 67 12 46 14 9 2 40 3 81 5 97 8 7 1 2 11 69 9 9 4 17 20 81 15 81 7 46 10 26 6 30 19 88 17 73 13 44 16 99 
0 1622 2.0 20 12 16 4 62 6 3 20 30 11 16 2 40 18 62 8 96 7 75 14 69 3 86 19 90 1 93 16 15 13 30 9 46 15 50 17 29 10 9 5 97 
0 1587 2.0 20 13 5 9 73 17 54 1 81 19 26 14 36 8 35 20 56 5 62 10 31 18 2 6 23 12 60 15 12 11 88 4 38 7 95 16 65 2 86 3 64 
0 1656 1.0 20 10 3 6 99 20 81 8 93 12 82 13 17 17 1 15 1 14 32 1 36 9 30 5 62 11 90 19 20 2 98 7 3 4 66 18 75 16 79 3 67 
0 1577 1.0 20 20 52 5 76 7 79 2 63 15 52 3 23 1 35 19 22 8 58 11 13 4 26 13 68 16 84 10 16 14 28 6 28 9 54 18 76 17 86 12 47 
0 1548 1.0 20 20 74 4 34 16 68 5 37 8 26 13 48 14 29 17 24 19 60 15 98 18 54 6 97 9 19 1 99 3 62 12 46 7 25 11 53 10 11 2 4 
0 1702 1.0 20 12 15 18 92 14 41 5 63 4 87 16 67 19 77 13 89 1 65 11 17 6 24 20 67 10 10 3 87 8 91 15 58 7 52 9 26 2 33 17 3 
