30 15 450 
0 1119 4.0 15 6 20 4 56 13 69 7 15 10 6 2 75 15 84 5 24 3 64 14 37 11 79 1 95 9 27 12 60 8 35 
0 1000 4.0 15 2 27 8 58 1 56 3 30 5 30 12 57 11 55 15 63 6 32 13 43 9 44 4 74 10 46 7 11 14 41 
0 1185 4.0 15 10 43 2 75 7 8 5 71 1 50 11 56 6 13 14 14 8 99 12 57 15 86 3 28 4 37 9 83 13 70 
0 888 4.0 15 6 68 9 66 7 27 15 33 2 47 1 73 4 87 12 70 13 21 11 22 8 30 14 10 5 11 3 10 10 17 
0 1150 4.0 15 1 6 12 49 2 11 6 69 10 50 14 50 15 12 3 73 8 84 13 92 4 1 9 84 5 88 11 52 7 46 
0 1033 4.0 15 13 14 2 7 11 11 8 79 15 45 10 22 1 85 3 67 7 64 14 75 9 22 4 35 12 65 6 30 5 68 
0 1066 2.0 15 9 67 13 17 4 58 12 20 7 45 6 55 3 53 8 10 11 3 14 66 15 63 2 36 5 93 1 40 10 85 
0 942 2.0 15 9 8 5 27 11 68 1 39 15 24 3 67 13 32 2 42 7 54 10 18 4 58 14 75 8 37 6 63 12 16 
0 1027 2.0 15 13 83 6 27 4 3 9 25 5 68 12 63 8 33 15 86 3 12 2 22 14 75 7 16 10 44 11 80 1 48 
0 1179 2.0 15 1 93 10 54 6 81 15 14 2 69 14 66 7 20 12 2 8 6 11 88 5 7 9 73 3 66 4 66 13 81 
0 1063 2.0 15 14 62 7 81 5 36 8 86 3 95 9 92 13 46 11 10 6 6 12 18 1 41 2 70 4 29 10 22 15 15 
0 979 2.0 15 7 47 1 38 8 59 9 97 5 62 14 9 3 21 2 30 10 8 15 23 13 74 11 48 6 14 12 68 4 55 
0 1075 2.0 15 7 67 1 26 5 3 8 83 3 73 13 19 11 12 9 81 14 15 12 34 15 88 10 54 4 35 6 58 2 69 
0 1126 2.0 15 4 7 13 42 6 32 2 93 7 97 5 4 8 98 3 80 12 90 10 58 14 40 15 15 1 34 9 58 11 3 
0 999 2.0 15 12 68 4 3 2 39 14 51 8 71 10 77 9 44 15 43 11 6 5 38 7 10 3 81 13 42 1 28 6 65 
0 1044 2.0 15 8 29 14 12 10 64 5 55 11 77 3 20 1 78 7 39 6 88 4 47 9 81 2 41 15 18 12 7 13 40 
0 1059 2.0 15 8 61 6 26 15 24 11 60 14 76 7 57 4 67 3 28 10 61 13 60 5 3 9 20 2 47 1 26 12 90 
0 919 2.0 15 14 33 8 82 11 36 2 51 6 97 12 19 9 63 1 27 15 35 7 28 5 26 4 13 13 66 3 11 10 26 
0 1353 2.0 15 6 49 11 71 8 99 12 67 15 77 2 20 13 96 1 1 14 88 3 21 5 81 7 84 4 49 10 92 9 7 
0 1032 2.0 15 11 83 8 17 6 92 3 87 12 17 15 61 4 31 10 1 1 67 7 80 5 8 13 16 14 50 9 9 2 69 
0 1075 2.0 15 12 38 4 73 7 86 3 65 8 83 11 25 2 35 14 22 1 81 5 14 9 19 6 42 15 21 10 30 13 83 
0 1144 2.0 15 11 67 10 61 1 96 4 44 5 13 6 38 9 51 12 90 2 84 8 30 7 13 15 60 13 20 14 14 3 82 
0 1203 2.0 15 11 87 10 75 1 24 5 67 8 20 3 96 2 76 14 61 7 44 15 51 13 90 9 40 12 4 4 16 6 51 
0 879 2.0 15 7 22 1 52 8 35 14 58 6 1 4 62 15 4 2 68 10 8 13 39 9 48 3 76 5 51 12 25 11 37 
0 1357 1.0 15 8 34 7 51 12 27 6 40 14 11 13 96 9 81 5 88 15 90 10 32 1 62 4 52 2 91 3 54 11 96 
0 1068 1.0 15 8 40 6 1 11 3 7 71 12 20 14 52 10 92 1 73 13 17 3 87 9 81 15 35 2 24 4 23 5 93 
0 1198 1.0 15 14 58 8 65 3 1 10 81 2 34 12 48 1 82 6 32 9 23 11 44 13 20 7 80 4 85 15 56 5 90 
0 1125 1.0 15 8 82 10 61 5 68 15 65 14 48 3 88 13 2 4 76 9 37 11 72 1 18 7 11 12 33 6 24 2 65 
0 1054 1.0 15 10 94 13 14 8 17 12 25 5 57 6 81 1 8 2 81 14 59 9 97 4 43 11 34 3 55 7 36 15 2 
0 1026 1.0 15 11 23 12 64 15 7 14 89 6 13 2 96 13 84 10 91 4 20 7 3 9 45 3 50 1 1 5 41 8 57 
