30 15 450 
0 1062 4.0 15 3 81 14 59 2 8 10 88 9 14 13 18 5 22 11 52 12 75 4 33 7 23 8 69 15 42 6 26 1 54 
0 1188 4.0 15 7 4 4 79 1 76 11 59 14 42 8 28 5 75 15 60 12 41 6 14 2 99 9 58 13 41 10 66 3 1 
0 1129 4.0 15 5 37 7 63 13 46 12 79 1 38 8 44 15 18 14 45 6 55 2 78 10 79 9 27 11 6 3 21 4 70 
0 1006 4.0 15 12 58 5 63 15 56 1 27 2 37 10 51 3 37 9 31 6 24 11 73 13 7 4 72 8 34 14 32 7 27 
0 1072 4.0 15 1 95 6 33 12 81 2 23 8 26 5 12 15 32 14 60 3 89 7 78 4 20 10 35 9 35 13 34 11 17 
0 1523 4.0 15 12 64 6 11 4 58 3 70 1 31 2 74 5 82 13 31 8 65 9 90 14 63 15 81 10 80 7 70 11 82 
0 1068 2.0 15 12 99 10 28 7 63 8 81 3 86 15 10 13 7 6 17 2 22 4 45 11 92 14 1 5 37 9 37 1 43 
0 1392 2.0 15 5 86 12 92 9 74 3 93 6 42 7 28 13 59 8 77 14 81 1 41 10 11 2 45 11 62 4 22 15 57 
0 1313 2.0 15 2 12 3 90 13 70 8 89 6 37 14 56 11 21 10 74 5 63 15 39 1 37 9 83 12 78 7 66 4 6 
0 1072 2.0 15 12 38 13 67 9 27 8 11 11 45 4 21 7 73 10 47 3 31 2 24 1 59 14 91 5 46 6 48 15 42 
0 1148 2.0 15 4 63 3 17 15 59 8 27 10 81 7 7 11 19 1 52 12 74 2 9 6 50 9 59 13 41 14 64 5 96 
0 1443 2.0 15 2 81 6 91 14 10 7 46 9 65 11 73 4 59 3 93 13 75 1 47 10 61 5 86 15 65 8 29 12 21 
0 1307 2.0 15 3 63 9 9 14 81 6 37 10 32 1 62 13 93 2 63 7 53 4 99 8 62 12 10 15 85 5 43 11 25 
0 1280 2.0 15 12 26 13 46 10 7 14 50 11 68 5 81 6 88 8 66 9 90 4 51 3 62 1 29 2 87 15 41 7 8 
0 1177 2.0 15 12 90 14 8 13 63 8 57 7 23 6 5 1 20 2 6 4 31 10 42 5 86 9 76 15 98 11 45 3 86 
0 1366 2.0 15 1 11 3 94 2 42 7 95 10 43 4 51 13 42 6 39 14 82 9 1 8 96 5 36 15 74 11 74 12 74 
0 1112 2.0 15 15 12 9 77 2 13 4 31 14 9 5 39 1 57 3 25 11 55 12 60 13 87 7 55 8 85 10 12 6 78 
0 1116 2.0 15 4 55 6 4 11 12 2 42 5 46 7 89 9 44 15 33 8 15 12 73 13 47 10 72 14 81 3 79 1 6 
0 1240 2.0 15 1 77 13 44 2 62 14 17 4 70 5 19 10 69 15 70 12 30 11 97 9 82 6 36 3 19 8 33 7 50 
0 931 2.0 15 2 98 10 42 14 4 8 26 1 84 11 34 3 3 12 59 15 52 13 70 9 49 7 42 5 6 4 7 6 6 
0 900 2.0 15 5 2 3 84 4 1 13 76 14 10 11 2 7 75 8 10 10 97 9 3 15 18 12 53 6 31 1 84 2 17 
0 1233 2.0 15 9 63 12 6 4 77 7 85 13 20 3 28 11 81 10 76 8 33 5 76 14 27 15 87 1 13 6 37 2 62 
0 1304 2.0 15 5 20 2 70 7 89 11 60 9 64 4 39 12 67 13 78 3 7 10 46 1 25 6 49 15 27 14 76 8 98 
0 1003 2.0 15 14 3 10 22 6 9 13 66 7 39 9 51 4 30 2 92 8 94 3 8 12 24 15 27 5 88 11 9 1 65 
0 1190 1.0 15 4 79 11 33 15 62 6 85 12 17 8 64 9 66 14 2 2 71 7 88 5 64 10 3 13 44 1 60 3 6 
0 1011 1.0 15 1 91 13 24 7 5 2 31 5 53 10 53 8 8 11 15 15 11 6 53 14 22 12 83 9 50 4 81 3 52 
0 1308 1.0 15 11 87 3 62 1 84 6 91 5 53 10 17 14 72 15 13 13 92 9 92 8 16 4 13 2 13 7 69 12 44 
0 1059 1.0 15 10 83 4 62 9 61 14 26 5 14 7 69 15 34 6 61 3 12 13 2 1 27 11 51 12 64 2 14 8 82 
0 1244 1.0 15 15 54 3 82 7 68 11 83 2 71 6 81 12 6 8 42 1 22 10 22 14 94 5 25 13 53 9 5 4 70 
0 1508 1.0 15 7 67 8 72 13 47 6 35 5 78 10 34 2 67 14 86 3 89 11 69 9 46 15 57 12 87 1 22 4 87 
