30 15 450 
0 1071 4.0 15 4 99 11 43 15 6 2 99 6 23 9 98 5 84 12 24 14 30 13 53 3 34 10 95 8 50 1 48 7 38 
0 728 4.0 15 7 19 5 24 3 65 4 16 15 94 6 9 8 60 14 32 10 59 1 85 12 9 13 36 9 22 11 25 2 5 
0 1098 4.0 15 5 54 3 62 11 93 6 78 13 59 14 71 4 49 12 88 10 40 8 13 9 17 7 88 15 47 2 30 1 56 
0 1012 4.0 15 1 60 14 16 5 79 2 84 15 84 10 42 13 59 4 14 9 74 6 60 3 98 7 17 11 42 8 31 12 19 
0 702 4.0 15 7 49 2 52 11 46 5 50 9 1 6 14 3 2 10 56 8 64 1 51 14 75 12 28 4 9 15 37 13 6 
0 1043 4.0 15 6 59 7 65 13 85 4 40 1 23 5 39 3 99 9 46 2 17 14 94 12 6 10 67 15 69 8 86 11 8 
0 881 2.0 15 12 10 14 7 2 22 7 36 5 31 13 75 15 57 1 49 11 44 9 21 6 77 8 70 3 64 10 46 4 69 
0 1082 2.0 15 6 53 3 74 2 93 5 26 10 54 14 89 9 82 11 66 12 37 4 63 8 71 1 17 7 58 13 4 15 46 
0 930 2.0 15 8 76 14 72 13 42 6 17 11 27 10 56 1 78 12 5 9 72 5 19 3 90 2 46 15 43 7 56 4 17 
0 1114 2.0 15 7 18 8 79 15 93 2 71 10 48 12 23 4 20 6 90 11 94 3 87 9 6 1 36 14 84 13 25 5 83 
0 1002 2.0 15 11 52 1 61 4 45 5 60 6 15 12 74 8 49 13 26 14 94 15 54 9 1 2 58 7 56 3 54 10 72 
0 1021 2.0 15 6 63 1 73 10 82 12 84 13 15 7 54 11 52 15 52 9 36 5 21 8 45 4 41 14 21 2 97 3 50 
0 1066 2.0 15 9 90 1 90 8 77 5 33 4 31 2 26 14 14 6 75 7 92 13 70 12 55 10 56 3 39 15 49 11 23 
0 1201 2.0 15 5 87 10 47 14 58 13 34 7 29 3 83 8 24 2 48 12 97 11 89 9 84 15 82 1 53 6 99 4 10 
0 1032 2.0 15 8 35 15 32 12 30 3 93 11 58 13 28 2 88 4 16 14 98 10 4 5 82 9 98 6 26 1 29 7 77 
0 858 2.0 15 14 18 13 92 5 62 12 59 2 3 1 94 11 34 7 56 6 24 10 18 3 66 8 53 4 30 15 41 9 10 
0 824 2.0 15 1 2 8 26 13 17 15 18 4 60 3 39 9 23 12 95 14 81 10 56 5 34 2 8 6 47 7 72 11 56 
0 1053 2.0 15 6 6 7 79 8 65 5 58 13 94 10 45 12 80 4 3 11 29 9 80 2 27 1 60 3 94 15 14 14 76 
0 1050 2.0 15 13 31 5 79 4 87 14 79 12 57 7 48 6 33 1 42 11 93 2 86 3 54 10 32 8 8 9 16 15 63 
0 955 2.0 15 1 96 8 1 4 75 12 42 11 45 2 51 9 10 13 58 6 71 7 92 3 23 15 18 10 63 14 27 5 63 
0 799 2.0 15 15 84 6 82 8 16 2 61 11 43 7 75 10 28 4 15 13 19 1 93 12 22 14 1 5 62 3 9 9 5 
0 848 2.0 15 13 46 12 29 7 50 9 12 14 72 11 18 2 79 8 73 15 23 10 1 5 58 4 1 3 95 1 25 6 71 
0 900 2.0 15 9 10 10 39 12 49 4 56 5 71 14 40 11 90 3 28 1 89 13 42 6 9 7 92 8 52 2 6 15 20 
0 1192 2.0 15 13 70 9 63 7 68 10 97 12 86 6 81 3 38 8 7 15 53 1 48 5 43 2 59 4 88 14 29 11 87 
0 1287 1.0 15 15 81 12 97 9 65 5 60 11 15 6 29 4 9 3 80 7 78 10 85 13 95 14 85 1 91 2 28 8 92 
0 670 1.0 15 8 39 15 6 5 59 1 34 13 34 11 32 9 12 6 7 4 35 2 4 7 53 10 69 3 89 12 3 14 40 
0 955 1.0 15 12 98 13 85 5 51 15 9 14 24 2 7 6 59 9 98 1 50 8 98 11 64 10 31 3 31 7 29 4 1 
0 808 1.0 15 15 59 9 68 8 3 2 8 1 2 7 9 10 69 13 14 6 72 11 84 5 69 14 54 12 45 3 59 4 7 
0 1241 1.0 15 9 92 8 21 11 53 15 64 6 59 13 79 10 52 3 14 12 61 2 86 4 82 1 98 14 83 7 24 5 87 
0 945 1.0 15 3 51 13 70 14 94 4 80 1 35 15 56 7 8 6 94 11 11 12 3 9 60 10 73 2 26 8 21 5 45 
