30 15 450 
0 755 4.0 15 8 7 1 11 13 34 6 56 12 14 11 33 9 95 3 64 14 12 7 22 5 87 4 32 2 54 15 5 10 55 
0 907 4.0 15 8 57 12 11 7 33 11 56 4 9 2 71 5 99 3 31 15 52 9 33 13 96 14 46 10 1 6 48 1 55 
0 867 4.0 15 2 90 3 57 9 80 6 8 5 36 11 7 13 41 15 31 14 31 7 48 8 68 10 19 12 25 1 38 4 88 
0 854 4.0 15 8 87 6 24 3 1 11 49 2 63 4 27 14 98 7 22 9 35 13 18 5 7 15 55 12 55 10 87 1 29 
0 950 4.0 15 14 33 13 36 1 75 10 17 4 8 6 55 11 53 15 31 5 95 9 31 2 67 7 80 12 87 8 5 3 58 
0 1095 4.0 15 9 75 7 25 5 76 4 72 6 78 12 22 1 81 13 37 10 27 2 85 14 71 3 16 15 86 8 78 11 14 
0 959 2.0 15 4 90 10 54 6 98 14 10 9 75 15 4 13 24 11 10 3 7 1 15 2 43 7 90 8 81 5 49 12 88 
0 1164 2.0 15 7 96 9 81 15 92 4 31 11 9 12 65 13 35 5 98 8 85 2 37 10 43 14 96 3 91 6 1 1 36 
0 1089 2.0 15 13 40 9 45 4 94 1 21 15 87 7 68 12 35 11 63 14 37 2 53 8 98 6 94 10 6 3 25 5 72 
0 1102 2.0 15 15 35 13 55 11 26 12 98 4 23 6 65 9 88 3 71 10 35 14 59 1 84 5 31 8 76 2 13 7 89 
0 1102 2.0 15 12 77 14 34 8 60 10 76 13 58 15 63 3 2 6 44 9 91 7 42 11 53 4 45 5 45 2 59 1 99 
0 1172 2.0 15 10 6 11 56 12 47 5 95 14 36 9 63 2 85 3 47 15 60 1 35 6 82 13 90 7 30 4 76 8 94 
0 910 2.0 15 10 58 4 2 7 69 5 19 11 64 9 27 13 17 6 33 2 48 15 81 12 86 14 28 1 94 3 71 8 3 
0 916 2.0 15 14 93 8 40 6 95 15 36 1 38 7 47 13 24 10 97 12 11 4 55 3 7 2 68 5 3 11 44 9 47 
0 1016 2.0 15 11 79 3 33 10 65 6 57 4 55 15 78 14 31 2 60 5 79 1 25 8 76 13 96 12 5 9 5 7 38 
0 1107 2.0 15 2 75 5 29 4 77 10 50 15 31 1 50 6 5 8 25 3 70 12 38 9 91 11 71 13 84 7 80 14 76 
0 1164 2.0 15 14 64 4 85 6 96 10 11 8 73 2 41 5 50 11 27 7 40 12 54 1 63 15 74 13 84 3 76 9 58 
0 763 2.0 15 15 66 1 75 2 54 10 4 8 16 12 6 11 89 14 29 7 3 13 10 3 93 6 53 5 8 4 59 9 22 
0 893 2.0 15 8 17 6 76 12 84 15 45 9 70 14 5 4 55 7 7 10 26 5 59 2 2 3 18 11 66 1 58 13 99 
0 1001 2.0 15 6 57 2 84 9 50 3 54 7 92 10 34 13 58 8 51 5 34 11 60 14 42 4 66 15 18 1 11 12 59 
0 943 2.0 15 9 85 6 31 2 29 12 18 11 46 7 29 8 49 5 37 13 42 14 18 1 77 10 67 4 61 15 46 3 91 
0 1124 2.0 15 10 2 3 66 6 75 5 83 1 63 9 62 15 71 11 20 4 42 2 59 7 4 12 67 14 95 8 76 13 80 
0 1196 2.0 15 15 46 2 83 1 7 13 37 11 60 14 76 7 6 4 84 9 82 12 94 6 36 5 79 3 46 10 90 8 94 
0 1030 2.0 15 11 8 13 60 2 99 8 70 6 22 9 91 12 68 10 87 15 11 4 51 3 66 7 19 5 28 1 47 14 66 
0 1069 1.0 15 14 91 3 2 2 39 6 12 5 11 9 17 15 86 1 68 12 88 11 86 8 78 13 75 7 86 4 5 10 79 
0 1021 1.0 15 2 18 14 90 11 91 1 21 13 45 12 31 5 66 4 49 8 95 10 11 9 57 6 31 15 36 7 57 3 88 
0 863 1.0 15 6 56 8 18 11 45 15 9 13 4 12 2 3 96 1 60 10 45 14 57 5 5 7 49 2 90 4 31 9 97 
0 1267 1.0 15 12 95 11 96 10 41 8 75 9 61 2 65 4 19 7 38 3 78 13 85 1 29 15 65 14 77 5 67 6 84 
0 1038 1.0 15 3 64 9 62 1 52 11 21 2 82 14 27 6 93 13 65 4 32 12 47 5 66 8 39 15 45 7 78 10 26 
0 1125 1.0 15 2 22 9 52 6 36 4 31 7 41 14 92 12 98 1 68 5 57 10 32 11 82 13 39 3 83 8 48 15 85 
