30 15 450 
0 1525 4.0 15 5 96 13 47 10 40 12 68 6 49 15 91 11 57 1 81 3 87 2 6 8 82 7 47 4 97 9 94 14 75 
0 1207 4.0 15 1 42 10 55 15 82 13 61 2 67 5 79 12 39 11 43 7 62 4 41 3 78 8 36 9 8 6 21 14 91 
0 1200 4.0 15 1 52 6 28 4 48 9 25 8 2 15 98 13 95 14 7 10 68 5 96 11 72 3 50 12 68 7 54 2 37 
0 1299 4.0 15 7 81 6 59 4 46 5 61 15 43 9 71 13 24 11 71 8 30 3 87 2 86 10 10 12 10 1 93 14 94 
0 1221 4.0 15 9 30 14 71 11 65 1 13 7 30 3 22 8 46 13 70 12 88 15 78 2 79 6 57 4 71 10 58 5 36 
0 1200 4.0 15 6 68 10 32 14 32 3 15 12 98 1 95 8 57 15 66 5 43 7 31 13 34 11 60 9 73 2 56 4 40 
0 877 2.0 15 10 27 11 42 8 24 9 12 2 22 5 57 7 93 14 58 15 67 13 64 1 30 4 16 3 21 12 19 6 33 
0 1347 2.0 15 8 43 10 51 12 53 14 62 11 58 2 38 6 84 15 65 9 87 3 26 5 95 7 61 1 77 13 49 4 49 
0 1567 2.0 15 11 93 4 81 3 55 15 59 13 70 14 68 9 97 7 57 12 48 1 92 2 82 10 89 8 87 6 13 5 54 
0 1318 2.0 15 12 60 4 33 11 66 2 96 1 23 15 36 14 28 3 53 6 78 5 78 8 94 7 72 10 47 9 28 13 87 
0 1183 2.0 15 6 98 3 89 10 27 9 34 4 88 5 15 11 64 13 5 2 4 12 63 14 69 8 82 15 29 7 53 1 69 
0 1348 2.0 15 14 97 15 87 2 50 1 68 10 76 3 74 5 89 12 15 4 5 6 2 13 79 7 59 9 93 11 19 8 86 
0 1144 2.0 15 2 60 15 47 13 13 10 62 6 95 12 67 4 89 11 11 14 29 5 52 1 62 3 31 9 51 7 55 8 39 
0 1239 2.0 15 12 76 5 92 14 85 15 20 8 61 7 14 3 62 10 52 2 5 13 63 1 29 6 85 4 79 9 52 11 51 
0 1357 2.0 15 7 61 14 45 1 93 6 51 12 97 10 46 4 88 13 28 3 57 9 45 11 23 5 91 15 66 2 73 8 41 
0 1012 2.0 15 9 49 5 58 8 32 14 30 7 59 15 57 10 14 2 33 13 14 6 59 3 41 4 59 1 50 11 67 12 53 
0 1269 2.0 15 8 94 12 52 3 7 13 51 11 8 2 99 6 97 15 66 4 98 9 58 7 52 1 43 10 80 5 23 14 18 
0 1155 2.0 15 7 97 9 57 10 72 14 97 11 12 4 70 15 33 13 72 8 14 2 2 5 99 1 30 6 18 3 95 12 2 
0 1186 2.0 15 13 64 11 75 8 63 5 14 2 55 12 10 1 89 7 89 4 24 9 32 15 70 6 79 3 71 14 42 10 14 
0 1066 2.0 15 10 1 6 82 13 27 12 22 3 44 8 97 1 76 14 16 15 27 2 24 7 98 9 25 4 82 11 75 5 15 
0 1107 2.0 15 8 26 4 4 14 18 9 51 7 47 12 27 3 6 15 84 5 72 10 29 11 91 2 76 6 78 1 36 13 93 
0 1093 2.0 15 1 35 2 39 3 89 7 53 15 85 6 7 4 90 13 16 11 70 14 49 8 73 5 13 10 12 9 89 12 9 
0 1215 2.0 15 2 56 4 40 7 51 6 47 3 77 9 65 1 84 8 93 11 54 15 66 13 6 12 36 10 87 14 41 5 7 
0 948 2.0 15 7 56 12 1 10 57 14 45 4 3 1 14 2 74 11 29 13 65 3 43 15 13 5 42 8 67 6 45 9 78 
0 1021 1.0 15 3 81 4 72 1 99 5 52 10 69 2 39 13 74 6 47 11 29 9 73 14 6 15 5 7 2 8 8 12 25 
0 1461 1.0 15 8 17 5 64 10 97 12 94 4 99 6 68 2 36 11 21 15 22 13 61 9 43 3 93 14 82 7 91 1 86 
0 1180 1.0 15 10 20 13 28 8 98 6 7 3 18 11 37 5 60 15 47 9 62 7 75 2 42 1 52 4 97 12 46 14 98 
0 811 1.0 15 11 9 15 15 12 85 1 55 5 7 14 6 2 3 10 27 8 11 7 31 6 90 13 81 4 5 9 86 3 30 
0 1027 1.0 15 14 53 15 87 6 93 5 62 7 19 2 12 1 53 13 73 12 4 4 1 11 65 3 35 10 65 8 23 9 40 
0 1119 1.0 15 15 13 7 22 9 34 3 5 8 68 6 81 12 53 11 66 5 96 1 50 4 40 14 70 2 92 13 13 10 43 
