30 15 450 
0 1163 4.0 15 11 36 12 32 10 40 9 47 2 87 8 55 7 77 3 27 6 89 14 72 5 93 15 15 1 98 13 95 4 32 
0 924 4.0 15 13 7 9 42 15 84 4 76 2 44 8 66 14 47 7 72 11 24 6 68 5 5 3 35 10 13 12 55 1 73 
0 902 4.0 15 13 59 1 7 4 85 14 57 15 98 11 71 3 61 7 98 10 3 2 61 12 12 5 44 6 7 8 28 9 3 
0 845 4.0 15 15 16 4 3 8 97 3 27 7 97 6 93 11 19 9 9 12 70 2 19 1 92 10 27 14 76 13 1 5 4 
0 924 4.0 15 7 71 6 53 8 36 5 63 10 16 4 35 14 27 11 36 2 79 1 92 15 23 12 60 9 49 13 52 3 19 
0 1059 4.0 15 8 48 12 88 13 68 10 6 9 63 3 25 4 28 6 67 5 62 2 53 11 51 1 65 7 97 14 15 15 79 
0 1114 2.0 15 12 49 13 65 2 26 8 72 15 60 7 15 4 70 6 26 9 71 10 48 14 79 5 54 11 98 1 81 3 43 
0 1012 2.0 15 4 35 10 28 12 88 15 58 3 87 14 18 13 5 11 74 7 43 8 28 1 82 2 34 5 28 6 98 9 73 
0 1181 2.0 15 10 83 3 93 4 86 14 62 11 18 15 70 13 67 2 66 8 14 1 62 7 47 9 51 12 90 5 2 6 98 
0 1123 2.0 15 1 28 8 94 4 6 15 66 5 79 9 71 14 35 3 57 2 69 10 75 13 84 6 47 7 21 11 66 12 66 
0 1041 2.0 15 3 20 13 62 1 37 5 71 15 19 11 63 9 90 14 79 8 87 4 40 7 92 10 15 6 5 2 76 12 45 
0 1149 2.0 15 6 71 3 59 9 99 7 70 5 27 13 54 10 82 2 62 11 7 1 5 15 12 8 90 14 92 12 83 4 71 
0 1170 2.0 15 15 90 6 79 1 48 4 66 8 86 2 87 5 3 9 49 3 84 13 98 12 46 14 58 10 74 11 11 7 21 
0 925 2.0 15 6 56 3 49 15 93 7 11 13 5 5 32 11 19 10 96 4 7 9 80 14 96 8 17 2 22 1 45 12 84 
0 1043 2.0 15 5 93 10 18 1 25 7 69 2 65 11 40 14 85 4 19 3 88 13 78 6 35 12 53 8 46 9 73 15 16 
0 1017 2.0 15 3 36 6 18 13 36 5 34 2 64 8 80 7 87 15 40 4 39 9 63 14 42 11 74 10 34 1 87 12 49 
0 1016 2.0 15 7 84 11 79 2 63 9 15 13 73 3 1 12 58 10 27 15 67 6 81 1 18 8 35 14 52 4 34 5 95 
0 886 2.0 15 3 64 1 48 5 82 11 1 4 11 6 19 8 27 13 93 15 42 14 83 12 12 10 37 9 55 2 66 7 42 
0 1034 2.0 15 6 77 7 13 9 55 1 15 11 72 12 20 14 71 15 45 8 39 3 61 13 73 2 93 5 34 10 62 4 66 
0 1372 2.0 15 14 68 9 15 12 97 8 85 10 81 11 53 4 49 15 70 5 96 13 65 2 72 7 76 3 71 6 81 1 77 
0 872 2.0 15 2 62 7 84 15 58 4 36 13 63 11 69 8 10 14 51 6 34 1 27 5 19 12 98 10 21 3 16 9 23 
0 1180 2.0 15 8 60 12 17 1 89 11 87 2 52 3 80 6 17 5 30 4 82 10 50 15 53 9 78 7 69 13 77 14 67 
0 1033 2.0 15 7 56 8 40 13 32 14 37 12 37 4 12 9 11 2 36 11 85 10 89 1 85 6 32 3 66 15 98 5 79 
0 898 2.0 15 5 32 7 56 2 22 11 95 13 55 10 20 15 46 8 8 12 68 1 49 6 86 4 92 14 25 9 24 3 13 
0 1015 1.0 15 8 53 3 1 11 92 10 65 6 10 4 92 2 92 14 48 12 39 9 53 5 49 15 26 13 75 7 84 1 2 
0 811 1.0 15 4 14 5 67 13 84 1 31 8 61 12 63 11 24 3 51 14 22 6 33 9 54 7 8 15 38 10 7 2 67 
0 951 1.0 15 12 68 13 10 1 55 14 30 7 26 3 17 2 4 10 98 6 55 8 45 4 27 11 76 5 96 15 65 9 60 
0 1008 1.0 15 1 9 10 24 9 22 13 40 4 47 15 73 11 72 8 70 3 66 2 19 7 3 12 97 5 98 6 85 14 51 
0 1041 1.0 15 5 54 3 19 8 72 12 38 7 18 4 84 2 71 11 80 9 46 10 25 14 29 1 57 13 92 15 41 6 75 
0 1079 1.0 15 15 16 7 79 3 53 9 98 11 8 5 20 12 2 14 64 13 61 8 78 4 91 6 35 2 55 1 92 10 78 
