30 20 600 
0 1400 4.0 20 6 59 14 72 4 92 16 35 20 17 10 48 11 57 7 18 13 55 5 51 3 8 15 68 9 90 8 39 17 79 12 40 1 66 18 55 19 62 2 66 
0 1168 4.0 20 14 42 3 60 16 52 13 14 5 83 10 95 4 36 8 28 6 4 1 31 9 14 15 23 7 71 20 95 2 69 11 17 19 13 18 23 17 78 12 51 
0 1545 4.0 20 9 93 6 12 3 34 19 32 18 59 15 73 1 46 5 25 12 82 4 90 17 70 8 27 7 82 2 85 13 40 16 35 11 61 20 92 14 98 10 53 
0 1328 4.0 20 14 31 9 95 1 36 12 61 4 92 15 24 8 70 5 15 19 76 7 50 20 18 6 30 3 93 10 62 11 83 16 16 18 75 2 29 13 35 17 31 
0 1427 4.0 20 9 27 7 10 3 93 14 26 17 64 12 70 16 16 13 48 10 46 5 37 20 89 18 83 6 71 4 72 8 45 2 73 11 97 19 12 15 57 1 62 
0 1075 4.0 20 2 9 14 16 11 75 1 21 3 49 13 97 20 5 6 20 18 26 17 50 19 26 5 20 16 8 9 96 8 50 7 84 15 7 12 52 4 73 10 43 
0 1238 2.0 20 3 20 4 76 17 3 18 45 11 53 16 6 14 83 13 77 10 21 20 52 9 32 1 27 19 93 12 81 15 78 2 6 6 93 8 60 5 12 7 35 
0 1496 2.0 20 13 41 11 59 18 37 5 89 4 87 12 32 3 98 20 24 9 30 10 84 14 49 15 84 8 44 19 16 16 43 7 65 17 44 2 83 6 71 1 71 
0 1280 2.0 20 11 46 15 36 4 60 1 59 8 53 18 58 20 8 3 33 12 70 17 93 7 38 5 5 19 75 2 23 14 98 6 90 13 18 16 62 9 4 10 56 
0 1125 2.0 20 1 27 3 31 4 45 10 57 9 79 13 14 17 82 14 96 5 4 11 17 7 46 20 3 16 7 2 42 6 24 18 86 8 67 15 79 19 43 12 17 
0 1374 2.0 20 2 72 5 54 1 51 11 87 16 52 12 4 17 35 10 62 20 15 14 45 15 84 9 65 7 85 18 49 19 98 13 5 3 81 8 8 4 72 6 33 
0 1432 2.0 20 7 31 6 86 10 46 11 3 1 63 3 58 4 81 13 7 12 54 8 39 14 46 9 92 20 96 15 57 17 40 5 49 18 57 2 86 19 20 16 91 
0 1328 2.0 20 14 35 20 5 12 43 6 84 3 77 16 20 15 84 5 70 4 79 7 52 11 92 2 34 13 39 19 30 10 65 8 11 17 88 18 32 9 80 1 2 
0 1283 2.0 20 11 59 4 36 5 72 10 46 18 48 9 72 1 76 20 48 3 69 12 62 13 30 2 48 19 7 16 89 6 37 17 49 7 30 15 52 14 1 8 56 
0 1504 2.0 20 5 18 15 35 9 61 16 23 12 46 10 12 11 38 2 59 18 50 17 75 6 60 19 57 7 63 14 89 20 71 13 52 8 83 4 86 3 81 1 98 
0 1419 2.0 20 5 33 10 14 19 19 20 84 4 69 18 59 16 2 17 83 6 12 9 21 12 73 15 83 1 26 3 94 2 65 13 98 7 83 11 45 14 40 8 89 
0 1352 2.0 20 18 63 11 72 14 80 20 2 1 94 13 11 15 25 19 10 3 90 6 73 12 20 17 92 8 11 5 85 9 63 2 97 16 38 7 13 10 42 4 59 
0 1227 2.0 20 20 95 14 4 10 95 4 6 7 67 18 30 8 88 17 26 6 57 15 61 16 9 19 35 1 23 3 47 2 46 13 96 9 19 12 54 11 75 5 11 
0 1419 2.0 20 10 64 12 79 18 87 14 91 4 2 2 61 11 31 17 85 1 53 6 77 8 25 7 94 5 43 3 13 19 40 16 59 15 3 20 80 9 7 13 98 
0 1513 2.0 20 18 56 9 12 14 74 8 42 5 98 1 75 7 18 10 98 17 20 19 72 12 34 6 74 11 10 13 98 3 12 20 95 16 33 15 69 4 93 2 81 
0 1303 2.0 20 18 73 3 38 8 25 17 92 7 38 13 91 15 95 10 2 4 79 19 41 1 3 5 99 6 83 9 18 2 12 20 71 11 4 12 66 16 20 14 53 
0 1326 2.0 20 1 61 8 24 17 24 13 22 4 85 7 56 20 98 3 5 11 29 10 73 19 27 9 99 14 4 6 99 12 63 5 25 16 61 2 51 18 84 15 30 
0 1090 2.0 20 11 5 19 17 5 40 6 88 13 30 7 3 10 1 2 96 12 9 14 94 9 69 8 72 18 90 1 14 3 41 15 50 20 69 16 38 17 12 4 1 
0 1432 2.0 20 15 55 1 19 6 61 12 61 10 97 20 76 11 38 16 69 3 24 4 62 5 24 19 94 18 3 14 5 13 84 8 43 7 73 2 76 17 47 9 91 
0 1601 1.0 20 12 85 7 98 19 68 15 57 17 63 1 58 18 74 11 52 10 59 3 47 8 73 5 79 20 48 6 38 9 88 2 85 13 4 16 44 14 37 4 75 
0 1505 1.0 20 19 44 14 32 11 38 13 93 2 40 10 56 1 80 8 90 3 74 6 82 17 59 7 91 18 40 9 26 15 74 4 7 5 49 12 88 20 60 16 35 
0 1238 1.0 20 15 75 3 73 20 13 11 4 12 77 17 5 10 57 8 98 16 60 2 99 6 12 14 14 5 25 9 86 19 13 1 93 4 41 13 1 7 53 18 54 
0 1523 1.0 20 1 33 19 75 9 97 10 31 13 84 18 49 17 51 20 30 16 62 12 67 3 84 14 45 4 48 11 62 6 64 8 87 7 14 5 76 2 42 15 71 
0 1211 1.0 20 19 74 12 98 10 11 15 96 5 39 1 31 17 54 4 49 9 51 7 40 14 21 16 19 8 44 3 76 11 64 13 43 20 9 18 30 6 66 2 17 
0 1487 1.0 20 17 31 4 77 10 92 7 27 3 71 19 82 12 36 2 33 5 48 1 91 6 49 8 39 13 91 16 47 9 74 15 17 14 62 20 28 11 91 18 58 
