30 20 600 
0 1270 4.0 20 4 86 18 5 15 21 11 67 6 87 13 90 19 21 9 87 16 82 5 68 2 25 8 10 10 58 7 65 17 20 1 34 14 12 3 35 12 63 20 41 
0 1599 4.0 20 9 91 8 80 13 38 15 79 2 66 5 6 18 21 20 89 10 50 16 93 1 52 4 33 3 82 7 51 12 90 17 55 11 99 6 75 19 22 14 58 
0 864 4.0 20 19 59 15 22 2 10 12 1 1 75 7 1 13 35 5 15 16 39 6 28 14 29 18 8 10 65 17 45 9 5 3 90 20 18 4 11 8 39 11 70 
0 1205 4.0 20 16 20 2 39 5 2 12 32 4 44 3 85 18 30 11 68 15 67 14 57 17 14 8 75 19 71 1 41 13 36 6 33 9 72 10 32 7 92 20 17 
0 1457 4.0 20 6 82 11 71 16 55 14 28 17 73 20 12 19 18 3 41 5 78 8 71 9 26 18 97 12 23 10 65 15 54 7 88 4 94 1 28 13 22 2 95 
0 1284 4.0 20 10 5 17 29 2 73 6 69 7 51 12 70 14 24 15 89 3 21 1 89 5 83 18 14 16 61 20 12 11 97 19 57 9 61 4 61 8 19 13 3 
0 1272 2.0 20 3 43 7 4 8 32 15 4 5 96 13 34 16 21 17 2 14 33 6 77 2 62 11 39 1 89 18 90 10 90 19 42 4 16 20 73 9 75 12 57 
0 1214 2.0 20 9 78 15 63 14 26 17 48 11 9 8 26 3 55 20 93 1 15 7 85 6 39 13 87 5 66 12 54 2 68 4 30 19 7 18 52 10 2 16 31 
0 1418 2.0 20 4 55 1 87 15 10 5 5 16 48 7 78 9 87 6 8 18 70 10 69 14 57 17 85 2 58 3 74 13 92 11 77 19 54 20 43 8 28 12 6 
0 1465 2.0 20 2 42 20 71 1 68 8 77 3 19 7 12 11 59 5 74 18 71 6 22 13 7 14 53 15 99 16 71 19 88 17 91 4 22 9 46 10 80 12 55 
0 1485 2.0 20 10 77 1 17 2 79 14 1 4 72 17 88 15 42 3 83 6 84 13 8 8 40 9 91 20 66 5 85 19 43 11 51 12 94 7 23 16 84 18 15 
0 1137 2.0 20 2 6 15 41 5 5 12 87 3 46 8 75 4 49 13 6 17 1 10 50 14 88 18 65 19 10 1 88 11 46 16 33 6 47 9 72 7 48 20 12 
0 1348 2.0 20 1 56 10 75 11 53 5 34 3 73 4 83 8 72 13 15 12 28 18 52 15 49 16 15 14 81 7 88 9 11 20 52 19 48 2 88 17 18 6 46 
0 1391 2.0 20 18 68 12 36 6 34 4 11 15 63 8 31 2 30 16 59 11 85 13 60 14 78 17 82 3 6 19 88 20 43 1 66 10 93 9 82 5 39 7 16 
0 1257 2.0 20 4 58 20 48 5 97 11 67 3 3 2 85 12 36 16 24 1 2 6 37 15 72 18 2 9 25 14 74 13 46 7 43 8 62 10 27 19 77 17 82 
0 1329 2.0 20 10 5 1 93 7 79 15 40 4 4 12 82 9 73 11 71 3 61 14 65 16 74 20 2 5 57 19 78 18 12 13 1 2 83 6 10 8 85 17 48 
0 1198 2.0 20 18 75 13 63 19 16 7 15 15 42 17 34 14 27 3 3 10 83 20 7 8 12 4 63 9 94 12 20 1 35 5 75 2 52 6 25 16 98 11 83 
0 1365 2.0 20 4 39 16 65 1 21 3 34 5 66 7 27 10 81 11 33 15 29 17 95 12 1 6 64 18 82 14 61 19 74 20 51 9 48 2 99 13 23 8 57 
0 1171 2.0 20 1 88 7 93 18 11 5 90 2 27 3 63 19 20 13 51 12 36 17 76 11 26 16 10 4 71 14 74 9 35 15 48 20 12 8 36 10 24 6 10 
0 964 2.0 20 7 93 20 56 4 28 14 57 19 21 5 59 8 48 2 6 10 16 17 90 9 6 18 49 11 32 15 82 3 3 16 4 12 31 13 25 6 8 1 28 
0 1030 2.0 20 9 68 19 11 8 99 15 3 1 78 12 1 5 39 10 65 14 19 6 16 4 11 13 26 18 10 17 54 3 2 16 69 20 91 7 39 11 1 2 91 
0 1314 2.0 20 16 10 1 24 9 55 10 71 14 99 6 85 4 58 17 18 11 11 18 90 2 7 8 88 15 75 5 97 19 75 3 11 13 8 7 6 20 45 12 78 
0 1246 2.0 20 15 68 18 57 20 15 6 36 17 27 7 26 5 66 11 38 16 97 19 55 13 73 14 23 9 68 3 19 8 89 10 46 2 34 1 39 12 23 4 60 
0 1354 2.0 20 20 28 14 20 3 44 18 81 10 62 2 66 5 44 1 52 4 40 12 89 11 92 9 27 19 6 15 75 17 6 13 96 16 50 8 73 6 60 7 31 
0 1235 1.0 20 7 90 15 55 16 41 8 20 5 51 17 44 12 67 1 6 2 82 11 5 18 10 20 63 14 80 19 39 4 22 13 48 9 24 6 66 3 46 10 91 
0 1350 1.0 20 9 41 7 4 5 34 8 68 16 58 11 71 19 57 4 81 14 62 20 84 15 57 6 23 1 31 3 59 12 18 17 74 18 60 13 38 10 70 2 49 
0 1372 1.0 20 5 53 1 6 6 79 9 84 10 3 19 41 15 28 16 61 11 43 13 36 14 68 8 8 12 35 4 73 17 81 3 93 7 1 2 94 20 96 18 73 
0 1420 1.0 20 19 92 8 94 4 54 10 17 15 11 7 41 1 55 16 15 9 87 20 81 12 62 13 78 14 28 6 8 11 77 5 82 2 1 17 68 3 84 18 58 
0 1374 1.0 20 4 82 16 31 12 12 10 78 17 83 6 33 13 39 20 78 14 33 1 11 18 91 3 54 9 26 2 90 7 71 15 12 19 28 5 57 8 99 11 49 
0 1051 1.0 20 8 37 19 17 17 3 11 57 5 71 4 82 12 9 1 29 18 17 15 99 3 96 6 97 10 10 7 26 20 36 16 32 14 14 13 35 9 34 2 8 
