30 15 450 
0 1300 4.0 15 6 76 12 4 2 98 10 1 7 51 5 92 14 75 4 47 8 35 11 70 13 21 15 20 3 79 9 81 1 63 
0 1280 4.0 15 12 71 9 85 5 3 10 45 2 13 3 57 13 26 6 63 11 38 14 91 7 73 8 59 15 74 1 37 4 65 
0 1209 4.0 15 10 60 3 74 1 35 14 73 11 49 7 1 12 92 4 5 9 41 15 2 13 95 6 28 8 37 5 78 2 86 
0 1145 4.0 15 13 95 2 73 14 23 6 77 15 47 1 24 9 29 12 88 8 69 4 49 5 28 7 66 3 4 11 41 10 3 
0 1336 4.0 15 6 28 11 26 13 71 9 81 8 36 3 96 15 95 10 45 14 10 5 55 12 87 1 65 7 54 2 26 4 60 
0 1347 4.0 15 5 40 12 36 3 5 15 78 13 63 6 96 11 25 9 86 2 85 7 56 10 25 1 30 14 98 4 78 8 41 
0 1316 2.0 15 3 90 4 15 1 89 7 87 15 52 12 59 8 22 6 42 5 46 13 60 14 54 9 87 10 22 2 97 11 1 
0 1126 2.0 15 15 51 6 75 7 2 9 86 10 19 11 88 2 20 3 88 5 24 8 42 12 90 4 20 14 29 13 20 1 50 
0 1435 2.0 15 14 11 3 96 11 92 1 94 7 78 10 63 9 44 8 8 5 68 15 77 6 52 2 74 4 43 12 10 13 87 
0 1537 2.0 15 7 75 2 78 15 27 11 27 8 82 3 91 5 88 12 76 1 37 14 43 10 52 9 71 4 45 6 99 13 70 
0 964 2.0 15 5 47 7 8 8 99 14 85 12 11 9 16 11 24 6 10 4 10 1 12 10 37 3 39 15 38 13 76 2 91 
0 1371 2.0 15 6 62 14 98 10 68 3 14 1 57 13 2 15 52 8 36 2 58 11 54 4 99 7 57 12 52 9 90 5 58 
0 1364 2.0 15 13 53 7 6 3 65 1 68 11 53 4 66 12 15 5 83 15 80 6 73 8 86 10 57 14 23 9 88 2 37 
0 888 2.0 15 4 73 13 65 5 54 11 95 9 12 8 69 6 4 2 7 7 12 12 82 10 5 15 22 14 15 3 2 1 38 
0 1193 2.0 15 11 59 7 49 12 29 6 69 14 79 4 57 2 27 13 62 1 57 15 22 9 29 3 42 8 59 10 20 5 86 
0 1177 2.0 15 11 81 14 24 2 55 5 95 12 2 6 94 7 38 8 43 15 15 4 52 9 54 3 66 1 64 13 24 10 29 
0 905 2.0 15 3 20 7 25 6 70 14 6 5 3 11 5 15 73 8 25 1 58 9 36 4 91 13 22 12 61 10 38 2 33 
0 980 2.0 15 15 61 14 20 3 21 2 22 5 22 10 69 12 98 1 12 4 30 13 98 9 28 8 8 7 7 6 51 11 66 
0 1160 2.0 15 8 77 1 3 4 11 9 23 3 56 5 30 11 77 2 64 14 52 6 70 7 3 13 97 15 93 12 54 10 15 
0 976 2.0 15 1 1 2 22 12 99 15 34 6 48 3 15 10 9 14 67 9 85 5 41 7 13 11 48 13 7 4 66 8 55 
0 1115 2.0 15 13 44 12 94 14 33 11 28 15 23 5 31 9 10 2 15 10 50 4 68 8 7 6 50 1 79 7 76 3 89 
0 1259 2.0 15 11 73 1 2 2 76 5 26 15 50 14 93 8 93 10 35 3 64 4 42 12 17 13 26 9 60 6 73 7 57 
0 1260 2.0 15 1 79 12 56 9 22 6 39 7 27 10 38 15 14 5 55 3 64 14 99 11 28 8 97 13 7 2 92 4 71 
0 1268 2.0 15 13 2 6 3 2 33 8 74 14 69 5 58 9 99 12 79 1 84 11 92 7 98 15 41 10 37 3 12 4 12 
0 1156 1.0 15 6 46 9 23 4 48 5 69 14 71 10 9 13 94 11 44 2 1 8 26 1 93 12 54 3 24 7 77 15 44 
0 860 1.0 15 1 83 15 86 4 6 13 61 7 39 11 72 9 1 8 8 10 17 14 60 3 41 2 16 6 21 5 21 12 6 
0 1164 1.0 15 9 28 5 59 15 62 8 97 3 52 14 58 12 49 13 83 1 11 6 49 7 24 4 56 10 43 11 34 2 23 
0 1257 1.0 15 13 75 3 82 1 75 4 94 6 67 14 15 15 23 2 57 12 4 5 51 9 23 8 40 10 63 7 97 11 20 
0 1016 1.0 15 11 14 4 33 3 16 14 14 9 24 7 1 12 20 10 96 1 75 2 36 5 92 8 74 6 13 15 79 13 48 
0 1318 1.0 15 6 33 11 89 12 89 5 49 1 58 3 32 4 95 10 64 14 11 9 13 13 43 8 98 7 32 15 56 2 62 
