30 20 600 
0 1731 4.0 20 5 11 11 45 13 34 6 61 4 8 9 97 20 59 16 72 7 82 1 57 12 87 14 61 2 90 17 4 18 17 19 69 3 95 15 15 8 97 10 93 
0 1501 4.0 20 7 57 2 64 3 15 14 19 12 14 4 54 13 71 15 29 11 17 20 43 8 81 19 87 17 65 18 62 16 80 6 75 1 19 5 48 10 33 9 68 
0 1452 4.0 20 18 71 16 1 9 90 17 81 2 84 11 19 14 75 15 83 7 25 13 69 1 1 10 80 6 35 19 76 3 37 5 23 4 13 20 4 12 81 8 20 
0 1549 4.0 20 8 16 2 91 3 22 18 28 17 89 9 99 10 69 5 22 16 85 15 25 7 60 19 33 14 17 4 6 1 94 12 56 20 8 13 77 6 54 11 82 
0 1521 4.0 20 11 3 2 51 8 43 4 21 18 66 1 71 3 17 19 98 13 73 17 76 7 93 14 88 12 61 9 79 16 9 20 18 10 31 15 80 6 4 5 32 
0 1323 4.0 20 5 44 9 97 4 7 10 54 13 12 3 68 7 26 19 42 6 19 20 92 2 57 12 71 18 67 1 2 14 49 17 40 15 51 8 27 16 35 11 22 
0 1309 2.0 20 18 5 5 55 14 2 20 6 16 65 4 42 3 19 2 64 8 51 17 4 9 13 11 46 13 52 7 38 12 15 10 87 15 74 19 64 6 80 1 91 
0 1389 2.0 20 11 92 2 39 1 24 18 71 19 12 8 37 17 64 7 17 16 95 13 52 3 9 12 3 5 87 9 46 15 71 6 29 20 22 14 62 4 43 10 51 
0 1635 2.0 20 18 78 1 91 10 26 8 81 5 43 3 43 6 93 19 35 12 36 13 74 15 18 14 30 20 15 4 64 9 90 11 75 2 37 16 35 7 39 17 87 
0 1420 2.0 20 12 14 2 21 10 74 17 30 13 62 4 70 7 87 14 29 11 86 15 88 9 24 20 54 5 11 19 15 1 21 6 29 18 57 16 75 3 57 8 43 
0 1453 2.0 20 20 40 19 34 15 46 11 97 14 67 6 59 4 65 12 47 9 20 8 22 17 15 1 66 7 20 5 40 3 72 13 73 10 50 16 4 18 88 2 44 
0 1623 2.0 20 6 33 19 9 7 84 10 70 18 56 13 60 4 16 15 84 16 13 1 47 20 65 5 76 3 51 2 34 11 53 9 63 17 14 12 84 14 78 8 92 
0 1275 2.0 20 3 67 1 18 6 66 19 37 20 65 10 92 8 30 11 57 12 1 5 16 9 89 16 36 18 30 2 49 15 7 7 73 13 20 14 26 17 29 4 42 
0 1731 2.0 20 11 99 13 72 5 22 9 79 14 60 18 28 3 59 20 95 16 84 17 49 4 86 1 37 7 10 6 68 2 70 12 20 19 71 15 23 8 71 10 51 
0 1494 2.0 20 2 39 17 88 20 82 1 41 18 99 16 45 3 11 10 48 4 2 7 8 11 88 19 95 8 64 15 7 14 62 9 19 13 61 12 60 5 45 6 32 
0 1309 2.0 20 3 81 15 18 10 77 17 33 4 17 1 9 5 5 13 76 14 75 20 65 18 11 16 69 9 17 19 66 12 36 8 23 7 75 2 64 6 14 11 42 
0 1722 2.0 20 18 47 9 51 20 60 8 94 5 15 19 13 13 8 14 16 4 61 12 72 7 69 10 17 2 44 6 84 11 97 16 93 1 91 15 60 3 99 17 57 
0 1395 2.0 20 14 28 3 70 7 42 15 96 19 14 8 81 9 57 1 16 17 45 2 44 4 40 11 11 20 70 5 97 13 20 12 80 6 24 16 27 18 55 10 13 
0 1687 2.0 20 16 92 20 4 12 31 1 76 5 91 11 66 8 59 2 97 9 15 7 27 10 15 19 62 15 82 14 94 4 55 13 52 3 77 6 39 17 38 18 53 
0 1543 2.0 20 18 17 9 99 5 47 11 82 13 14 1 2 12 82 10 69 8 6 17 89 19 66 20 39 2 9 14 90 4 91 7 63 3 13 15 34 16 36 6 81 
0 1744 2.0 20 9 99 2 68 12 56 20 70 17 72 6 77 18 51 8 64 3 66 16 57 13 74 1 9 10 72 4 94 14 63 7 21 5 39 11 23 15 80 19 8 
0 1363 2.0 20 17 67 14 22 1 59 2 37 11 6 16 64 15 17 9 50 18 45 19 30 20 7 3 78 5 72 13 36 8 23 7 94 10 25 12 74 4 6 6 97 
0 1563 2.0 20 8 42 7 90 5 28 18 19 16 7 15 97 20 82 9 41 11 69 1 47 4 76 13 88 17 11 6 68 14 70 10 31 19 8 3 81 2 3 12 84 
0 1543 2.0 20 10 62 2 34 5 98 12 65 18 12 17 66 13 32 15 60 7 12 3 85 16 73 6 55 11 97 1 24 9 9 14 26 19 92 4 3 8 41 20 83 
0 1584 1.0 20 13 12 4 93 15 74 11 20 1 33 5 89 12 41 6 96 16 4 10 99 3 47 7 23 9 12 14 91 19 25 18 83 2 34 17 83 8 70 20 27 
0 1551 1.0 20 14 99 9 50 5 17 7 9 4 72 8 91 20 37 3 39 6 72 10 31 19 72 12 97 11 40 17 43 1 96 2 51 15 29 13 21 18 18 16 50 
0 1552 1.0 20 11 55 1 41 2 4 14 75 13 86 12 59 6 44 9 73 20 66 3 70 4 79 8 85 5 51 7 5 18 35 10 17 16 30 17 35 15 34 19 91 
0 1557 1.0 20 17 97 20 32 14 41 4 33 16 23 2 39 9 74 15 49 13 69 3 28 6 55 18 60 1 61 10 84 12 2 11 84 19 17 5 73 7 26 8 91 
0 1573 1.0 20 12 21 5 51 9 99 14 79 6 21 4 48 19 44 2 67 18 48 15 96 13 19 10 39 7 56 20 76 11 16 3 40 1 69 8 93 16 15 17 52 
0 1788 1.0 20 17 45 12 22 15 89 9 42 20 43 6 99 18 91 13 34 4 43 16 68 14 76 19 55 10 1 7 73 2 56 1 89 8 13 11 99 5 82 3 72 
