30 20 600 
0 1755 4.0 20 12 38 19 65 20 92 10 13 2 61 11 56 4 95 14 77 8 40 6 23 16 87 1 96 5 95 7 51 9 98 18 44 17 10 3 57 15 44 13 28 
0 1644 4.0 20 9 81 16 37 19 13 17 48 7 7 1 87 3 12 12 23 14 83 8 69 11 26 20 61 10 16 13 60 4 79 18 52 15 84 5 93 6 73 2 92 
0 1479 4.0 20 18 70 19 1 3 72 5 36 15 66 8 65 11 62 13 98 14 22 1 65 20 26 16 89 6 12 17 52 2 73 12 52 10 28 7 60 9 11 4 26 
0 1810 4.0 20 3 4 18 27 5 65 11 39 10 93 7 12 13 92 9 86 6 9 19 87 4 65 8 79 17 92 12 41 20 97 15 45 16 84 14 89 2 64 1 37 
0 1570 4.0 20 5 60 12 89 19 16 10 24 3 49 13 93 17 80 6 35 8 61 7 46 9 36 16 68 4 23 14 13 15 51 11 25 1 76 2 46 20 98 18 58 
0 1522 4.0 20 5 35 7 18 17 72 19 86 15 99 3 52 8 48 10 98 2 58 16 7 11 26 13 15 6 3 9 37 20 92 14 9 18 63 4 20 1 91 12 86 
0 1233 2.0 20 20 56 15 10 12 62 4 8 7 50 10 19 16 53 5 69 3 67 13 8 18 10 11 22 14 40 9 85 1 44 17 22 8 1 2 90 6 47 19 59 
0 1642 2.0 20 7 82 10 83 18 75 13 89 17 72 6 39 1 47 9 39 2 15 4 1 15 64 14 66 8 17 3 68 5 43 16 63 19 96 12 37 11 64 20 35 
0 1648 2.0 20 11 58 17 48 18 19 6 17 16 33 19 29 15 46 3 81 1 11 2 88 5 58 14 70 8 99 13 96 10 90 7 46 9 69 4 92 20 4 12 45 
0 1671 2.0 20 7 74 12 78 16 79 18 44 15 2 10 63 8 68 11 57 17 33 20 90 9 69 2 91 5 35 14 80 6 26 1 44 4 91 13 27 19 2 3 61 
0 1476 2.0 20 11 59 12 46 8 81 15 42 6 53 3 44 20 21 16 45 2 91 13 4 9 76 1 18 17 72 14 78 10 20 5 44 18 52 4 37 19 68 7 33 
0 1521 2.0 20 20 2 10 63 1 82 4 37 15 3 8 53 14 89 7 31 12 63 9 6 16 98 11 2 5 23 13 38 2 87 3 91 19 60 18 55 6 93 17 38 
0 1635 2.0 20 7 74 17 85 11 55 14 52 10 87 19 25 15 85 5 33 2 42 9 65 18 59 6 91 3 91 13 16 4 30 20 62 1 70 8 14 16 35 12 19 
0 1194 2.0 20 5 16 12 23 6 70 1 41 16 12 13 99 14 26 20 43 15 14 4 91 17 50 11 78 10 1 2 2 19 4 7 80 18 14 9 63 8 55 3 14 
0 1468 2.0 20 2 86 13 32 4 56 16 81 12 52 3 14 6 7 9 74 17 33 10 69 18 23 8 68 5 45 14 19 7 38 15 35 1 21 11 42 20 86 19 98 
0 1536 2.0 20 20 33 13 51 8 96 15 5 14 56 11 90 3 50 12 41 4 34 1 93 17 61 18 67 10 60 2 31 19 5 16 41 9 85 6 58 7 57 5 10 
0 1578 2.0 20 17 25 20 92 13 17 10 94 4 67 6 60 7 71 18 28 14 70 5 97 9 56 8 29 2 56 11 41 15 57 1 70 12 26 16 50 3 2 19 44 
0 1594 2.0 20 8 27 7 48 1 85 20 17 10 1 4 86 17 88 9 43 12 58 5 82 13 51 3 59 14 38 18 99 19 7 16 49 2 88 15 56 6 80 11 1 
0 1617 2.0 20 13 61 10 48 20 90 15 59 8 80 9 44 1 26 14 44 17 86 12 31 7 72 4 29 2 68 3 29 5 49 6 23 11 59 16 61 19 70 18 49 
0 1272 2.0 20 2 37 5 45 19 24 12 88 1 18 17 33 13 42 9 4 14 7 8 69 3 68 20 39 4 87 6 61 10 42 16 16 18 43 15 83 11 6 7 36 
0 1596 2.0 20 11 91 17 35 4 9 6 98 5 49 8 96 12 68 20 81 16 10 15 58 10 21 9 90 7 26 19 36 13 91 1 52 2 9 3 49 14 15 18 80 
0 1411 2.0 20 6 11 5 78 8 59 9 47 1 11 12 24 2 55 4 87 18 28 15 2 17 23 20 38 16 71 14 69 11 97 7 74 13 43 3 57 10 44 19 23 
0 1287 2.0 20 14 13 15 54 17 19 6 3 1 4 8 13 19 77 13 74 2 2 4 66 20 81 18 60 12 38 5 90 3 67 10 34 16 27 9 57 7 72 11 7 
0 1663 2.0 20 15 29 17 69 20 13 16 96 8 90 12 24 5 90 10 3 11 57 4 83 19 78 7 4 14 24 18 65 3 44 1 21 6 56 13 73 2 93 9 97 
0 1224 1.0 20 9 53 14 13 7 18 6 33 2 79 20 45 15 17 18 47 10 45 1 79 13 7 12 89 4 51 5 32 8 26 11 32 16 43 19 62 17 31 3 14 
0 1705 1.0 20 1 63 20 56 13 68 17 49 11 40 6 51 15 3 9 87 8 63 10 52 19 95 2 56 12 97 7 30 18 99 16 39 14 6 3 76 5 34 4 73 
0 1537 1.0 20 13 68 15 31 12 59 7 6 1 30 10 58 4 73 14 62 5 71 2 96 19 23 16 71 9 20 6 11 3 50 8 92 11 62 17 67 18 10 20 65 
0 1879 1.0 20 19 98 14 83 8 89 16 64 2 4 12 27 1 79 15 25 3 78 4 36 9 52 11 41 7 21 5 62 13 78 18 92 6 92 20 88 17 80 10 64 
0 1288 1.0 20 12 88 6 78 8 10 11 14 9 8 2 18 3 10 7 37 15 49 13 27 18 94 14 95 1 37 5 23 17 15 10 87 4 54 20 1 16 74 19 40 
0 1507 1.0 20 1 21 2 3 20 32 11 51 17 9 15 76 6 23 7 73 13 53 4 81 8 74 5 92 19 69 18 56 10 93 16 52 3 83 14 1 12 17 9 46 
