30 20 600 
0 1587 4.0 20 6 51 1 93 7 49 17 1 3 52 16 26 20 74 11 59 13 44 14 8 5 81 4 95 10 68 18 57 19 57 2 40 8 17 9 92 15 88 12 6 
0 1278 4.0 20 18 75 12 22 17 11 14 49 2 31 8 32 5 5 15 51 11 14 9 43 3 43 20 24 4 83 13 67 7 2 6 45 1 75 16 35 10 50 19 95 
0 1461 4.0 20 16 80 10 13 19 36 20 51 2 63 17 58 18 30 9 75 1 72 15 92 14 13 3 13 8 92 4 12 13 76 12 29 6 64 7 58 11 26 5 21 
0 1761 4.0 20 14 91 2 95 20 51 3 75 11 89 7 56 9 74 4 60 1 86 17 70 10 97 6 11 15 61 18 68 16 43 12 5 13 17 5 18 19 14 8 93 
0 1806 4.0 20 14 40 4 9 3 80 20 82 2 67 1 33 16 84 7 39 19 48 15 89 6 95 17 60 18 4 10 99 12 92 11 52 13 79 8 9 5 89 9 54 
0 1572 4.0 20 7 55 18 70 15 95 20 60 8 9 13 82 4 52 19 30 6 6 12 27 9 57 1 89 2 63 16 29 17 55 11 37 14 66 5 16 3 87 10 63 
0 1746 2.0 20 1 44 11 47 16 90 12 35 18 79 15 57 6 58 7 98 9 62 4 8 10 31 17 94 13 49 3 90 2 11 20 63 19 22 14 44 8 96 5 86 
0 1431 2.0 20 10 63 11 80 9 72 14 83 17 25 19 55 16 68 4 42 7 70 6 64 2 24 12 7 15 45 1 12 8 17 18 8 3 41 13 88 5 7 20 83 
0 1507 2.0 20 5 68 7 99 20 37 6 33 3 72 10 98 17 92 19 28 8 14 9 16 13 99 2 9 16 93 14 25 18 8 11 64 1 4 15 74 4 35 12 37 
0 1429 2.0 20 18 79 2 34 13 36 6 83 3 48 4 23 9 2 8 5 7 16 10 76 20 10 16 95 15 12 11 94 5 46 19 53 12 35 17 73 14 78 1 55 
0 1684 2.0 20 18 31 16 75 12 11 1 92 8 46 7 84 6 39 10 17 5 83 13 87 11 86 3 93 15 68 17 67 20 83 4 4 14 96 9 3 2 7 19 51 
0 1789 2.0 20 14 4 15 50 3 20 6 74 1 37 12 95 17 65 18 83 16 98 10 25 19 64 7 90 20 51 8 61 13 97 4 70 5 14 2 13 11 99 9 83 
0 1479 2.0 20 4 41 6 81 14 93 1 78 15 53 13 66 12 40 17 8 3 63 20 66 9 2 10 36 16 24 5 61 8 75 18 27 7 71 19 23 11 18 2 60 
0 1458 2.0 20 16 87 6 29 19 36 18 2 7 18 17 2 14 11 13 47 4 94 3 92 10 58 1 93 2 47 15 90 9 28 11 54 12 28 20 84 5 68 8 4 
0 1569 2.0 20 11 23 7 74 20 95 16 64 5 21 18 46 9 86 2 8 13 58 19 64 1 99 10 29 4 47 6 64 14 6 12 25 3 63 17 59 8 96 15 19 
0 1639 2.0 20 4 75 10 75 17 76 7 83 8 22 12 98 15 85 9 75 19 11 13 64 6 21 18 94 20 46 11 63 3 78 2 35 1 9 16 16 14 39 5 28 
0 1545 2.0 20 14 57 19 66 6 46 7 84 9 16 1 19 5 1 11 29 8 65 13 42 2 87 16 38 4 88 17 83 20 86 3 21 12 38 18 61 10 29 15 74 
0 1510 2.0 20 6 66 16 74 2 43 3 55 20 86 19 69 13 11 14 12 17 61 18 56 15 56 10 77 1 80 12 16 11 13 4 14 9 14 5 96 7 88 8 20 
0 1605 2.0 20 9 52 15 1 7 82 4 57 12 18 5 94 13 44 16 81 2 25 1 75 18 29 8 74 6 10 11 24 20 63 3 42 19 62 14 98 17 67 10 72 
0 1519 2.0 20 11 81 1 95 15 46 3 6 17 5 20 18 18 79 7 43 4 28 9 27 13 84 12 83 8 99 14 60 16 86 10 21 2 13 6 28 5 91 19 20 
0 1407 2.0 20 18 63 15 56 2 24 5 43 8 30 17 22 1 31 19 64 20 56 14 62 16 25 9 85 3 13 12 76 11 63 7 51 4 87 13 21 10 65 6 1 
0 1584 2.0 20 15 54 17 1 18 71 6 76 5 23 9 90 11 19 13 97 4 84 20 27 3 70 10 38 19 62 14 94 16 47 1 22 8 52 2 21 7 11 12 97 
0 1360 2.0 20 2 91 15 67 3 12 9 75 14 42 7 38 13 63 4 92 6 41 19 14 18 28 12 84 11 39 1 49 8 23 20 58 16 9 5 19 17 17 10 46 
0 1741 2.0 20 8 89 12 44 4 61 10 63 9 95 5 70 19 49 6 99 15 44 1 68 11 86 14 86 2 11 3 13 16 17 18 85 20 62 7 80 13 37 17 2 
0 1479 1.0 20 20 39 7 42 10 19 17 81 18 46 9 87 15 7 12 58 8 27 11 97 19 53 3 21 4 69 1 97 2 64 13 47 5 11 6 43 16 67 14 11 
0 1054 1.0 20 3 4 17 13 18 44 7 27 4 23 5 25 12 44 6 39 19 38 15 31 16 38 20 95 1 13 10 19 8 29 13 37 14 44 11 77 2 24 9 39 
0 1677 1.0 20 14 56 12 91 17 37 15 36 7 86 16 2 2 39 18 19 1 90 13 43 6 72 4 87 3 37 5 39 8 90 9 33 11 73 10 88 19 34 20 66 
0 1192 1.0 20 11 56 3 32 7 48 1 6 20 9 15 57 8 21 13 56 19 37 17 75 6 40 10 93 16 97 4 5 12 67 14 24 2 20 18 15 5 16 9 21 
0 1395 1.0 20 16 31 20 30 12 88 18 45 19 37 14 38 5 3 7 97 9 40 13 29 4 24 15 30 2 29 11 45 17 51 3 58 6 82 1 51 8 85 10 37 
0 1459 1.0 20 1 38 19 77 20 8 7 48 12 46 5 89 6 96 14 50 3 21 13 38 18 57 4 26 2 97 17 70 9 23 11 18 10 33 8 34 15 35 16 69 
