30 20 600 
0 1284 4.0 20 9 17 11 42 6 3 14 77 12 53 18 65 20 14 19 14 10 77 16 22 4 26 17 53 1 36 13 66 8 26 3 56 2 14 15 41 7 69 5 85 
0 1701 4.0 20 15 57 19 93 2 85 3 20 14 94 10 3 17 59 7 80 20 40 18 83 8 67 9 55 4 25 11 24 1 74 12 47 16 37 6 98 13 9 5 84 
0 1330 4.0 20 10 2 7 62 14 35 11 87 6 37 16 79 3 4 9 79 20 61 2 35 5 39 19 26 12 24 8 17 17 8 13 88 1 39 4 25 15 92 18 48 
0 1197 4.0 20 15 51 4 30 11 79 17 27 19 25 2 13 18 3 1 23 7 17 9 22 3 45 12 13 20 72 6 52 8 56 16 56 13 84 10 16 5 50 14 64 
0 1431 4.0 20 6 72 17 80 12 4 10 7 18 85 11 30 19 75 16 47 1 94 20 11 7 75 5 63 14 58 3 63 2 4 15 33 4 47 13 78 8 8 9 20 
0 1632 4.0 20 8 32 10 82 2 45 3 14 5 10 7 60 11 98 19 95 18 61 9 88 6 66 1 79 20 98 16 44 15 48 14 27 12 47 13 31 4 13 17 50 
0 1572 2.0 20 1 32 13 53 2 33 15 70 19 59 7 41 9 95 18 65 11 91 3 7 20 19 6 82 17 93 12 56 8 44 14 47 10 32 4 62 16 52 5 15 
0 1495 2.0 20 17 5 15 44 19 94 12 20 2 35 11 75 6 92 10 30 8 69 3 4 13 99 16 71 18 18 9 1 1 75 5 44 20 35 4 37 7 53 14 96 
0 1683 2.0 20 11 60 20 54 19 41 16 45 9 79 1 19 3 53 10 91 14 1 4 74 7 16 8 56 13 75 12 95 2 90 5 86 6 58 17 42 15 79 18 8 
0 1557 2.0 20 10 78 15 56 11 24 20 60 9 88 13 47 8 33 7 11 19 92 3 72 12 42 1 88 14 30 16 57 17 97 2 25 18 26 5 5 4 62 6 45 
0 1551 2.0 20 4 95 5 62 19 53 16 69 7 45 3 48 17 49 8 59 6 37 13 23 10 94 18 19 1 79 9 81 2 9 11 66 15 32 12 17 20 38 14 59 
0 1405 2.0 20 3 61 5 73 2 79 16 25 17 75 4 5 18 76 7 26 12 69 13 18 8 21 19 21 9 16 14 39 1 15 15 64 20 98 11 70 10 54 6 32 
0 1579 2.0 20 17 46 20 94 11 33 10 24 15 31 13 57 19 57 3 8 18 88 16 55 7 69 8 51 6 94 12 43 2 35 1 61 5 14 4 30 9 84 14 79 
0 1596 2.0 20 13 97 4 7 18 59 5 87 9 57 10 37 3 4 12 2 14 23 6 45 19 73 11 72 7 98 8 79 2 61 16 15 17 80 15 77 1 15 20 76 
0 1617 2.0 20 8 53 1 66 19 42 20 59 16 6 3 60 10 30 2 59 11 63 7 61 4 83 12 14 14 78 13 90 9 38 5 88 17 20 18 23 6 81 15 64 
0 1594 2.0 20 2 75 20 38 15 15 8 48 18 37 1 92 14 99 12 37 17 79 13 28 11 68 10 20 7 6 4 57 19 79 9 97 16 76 6 11 5 6 3 95 
0 1428 2.0 20 11 74 18 45 10 93 17 9 19 58 5 16 3 27 12 19 6 19 16 69 9 82 4 25 8 31 1 51 13 85 7 42 15 10 20 85 14 85 2 27 
0 1183 2.0 20 13 30 12 5 8 54 10 3 20 63 17 47 18 59 7 45 16 63 14 40 11 10 5 16 2 42 9 46 6 66 1 34 3 1 4 15 15 81 19 69 
0 1495 2.0 20 16 98 18 89 11 45 5 11 15 12 2 49 4 44 19 98 9 15 17 79 7 98 3 48 1 19 8 90 12 20 13 20 6 13 14 78 20 32 10 39 
0 1687 2.0 20 1 20 12 4 18 65 11 99 16 56 6 61 13 45 10 93 7 32 4 44 5 62 2 94 8 57 15 58 17 44 3 88 9 1 14 65 19 73 20 64 
0 1360 2.0 20 14 15 7 71 5 39 9 31 19 32 13 80 1 54 6 38 4 51 10 50 2 58 15 96 12 96 17 9 3 65 16 32 8 19 20 54 18 7 11 10 
0 1785 2.0 20 9 53 7 19 15 68 13 99 1 77 10 12 11 81 3 96 19 46 20 56 14 41 6 8 18 93 2 10 12 75 8 75 5 85 16 32 4 80 17 84 
0 1579 2.0 20 13 96 17 9 9 42 5 52 20 66 10 80 14 45 7 91 4 31 3 40 11 12 6 60 15 99 12 57 16 68 2 44 18 16 19 55 1 6 8 84 
0 1494 2.0 20 11 98 19 29 9 75 16 40 7 81 8 73 3 70 1 29 12 85 6 3 18 89 13 12 15 1 10 46 14 30 4 28 5 82 2 10 20 18 17 97 
0 1134 1.0 20 7 21 17 47 5 2 16 63 1 57 13 25 8 25 11 80 6 70 14 44 18 7 4 30 15 62 19 55 2 68 20 56 9 1 3 25 10 5 12 13 
0 1500 1.0 20 14 41 20 6 1 7 6 80 15 93 9 12 11 54 18 12 16 38 13 30 19 68 4 36 17 19 12 46 7 71 2 71 8 94 3 66 10 99 5 57 
0 1495 1.0 20 17 57 19 55 12 46 16 15 18 61 5 64 10 19 2 14 11 49 6 58 14 54 4 54 9 50 1 32 15 40 3 47 20 70 13 97 8 50 7 65 
0 1563 1.0 20 8 53 1 32 19 2 17 85 7 17 14 94 18 46 6 83 15 63 12 67 10 46 20 84 4 34 13 22 5 24 9 70 11 63 16 14 2 76 3 67 
0 1290 1.0 20 18 25 17 83 10 87 2 50 1 60 16 63 12 86 6 5 4 11 19 27 13 8 15 32 14 16 3 49 8 20 20 42 11 59 9 13 5 86 7 38 
0 1405 1.0 20 8 64 2 20 17 31 18 14 4 50 14 93 1 72 20 74 7 13 11 42 10 18 9 25 16 83 19 33 6 21 3 92 12 48 15 60 13 4 5 80 
