50 15 750 
0 972 4.0 15 12 23 15 58 10 60 2 43 6 17 14 68 7 42 9 53 11 18 8 42 5 96 13 19 1 50 3 62 4 97 
0 1081 4.0 15 13 29 12 62 11 56 5 33 7 72 15 80 3 64 1 80 6 4 4 40 2 88 14 78 10 95 9 30 8 21 
0 1008 4.0 15 5 34 1 60 14 78 15 55 8 41 10 3 13 99 12 32 11 86 3 26 7 89 2 4 6 49 4 42 9 78 
0 903 4.0 15 5 87 13 3 15 27 4 69 9 8 10 28 1 40 7 73 2 2 8 71 12 50 14 95 3 14 11 65 6 63 
0 822 4.0 15 11 46 5 40 6 43 15 48 10 28 13 15 7 59 14 58 1 34 4 57 9 29 3 45 12 44 2 27 8 60 
0 859 4.0 15 9 67 1 31 13 8 2 21 8 18 5 46 6 64 4 27 3 37 15 95 11 75 10 19 14 38 7 91 12 24 
0 868 4.0 15 10 33 5 46 14 59 3 71 15 19 11 76 13 61 7 32 2 29 12 26 6 31 9 27 8 71 1 45 4 42 
0 989 4.0 15 10 65 5 27 13 62 12 74 7 2 8 73 1 40 3 36 11 98 4 6 15 49 14 69 2 50 9 58 6 52 
0 965 4.0 15 9 94 13 72 4 48 6 23 8 97 15 87 2 73 12 25 11 4 5 40 1 60 10 11 7 13 14 66 3 30 
0 967 4.0 15 9 69 12 54 10 14 14 61 4 12 13 75 6 25 8 41 11 96 3 23 2 26 15 68 7 92 5 75 1 13 
0 947 2.0 15 5 56 10 43 3 10 11 67 13 99 7 50 9 87 1 4 14 28 6 28 12 4 15 56 8 55 2 83 4 59 
0 1008 2.0 15 11 46 7 74 6 12 5 96 13 75 4 16 10 90 14 88 15 12 9 81 3 8 8 28 12 90 2 20 1 40 
0 1023 2.0 15 6 36 10 87 1 96 13 22 9 91 11 38 14 92 12 16 4 28 8 46 15 74 7 35 2 15 5 61 3 50 
0 937 2.0 15 5 70 6 52 13 5 3 48 7 58 15 51 1 32 8 59 2 89 12 71 14 59 11 11 9 79 10 31 4 6 
0 903 2.0 15 15 94 11 37 9 50 6 88 5 87 10 64 8 8 14 17 4 90 2 14 3 56 7 25 12 42 13 18 1 5 
0 1071 2.0 15 9 66 13 61 12 72 8 25 11 32 3 46 4 39 7 92 5 33 2 54 10 58 6 28 14 78 15 61 1 79 
0 1487 2.0 15 2 97 5 34 6 47 7 71 10 84 14 78 4 62 8 98 3 64 15 89 12 55 1 93 11 86 13 92 9 94 
0 873 2.0 15 13 72 9 40 4 56 11 31 10 9 2 13 8 62 7 62 3 55 5 2 1 29 14 67 6 92 15 31 12 51 
0 871 2.0 15 6 35 13 40 2 32 3 41 4 64 1 91 8 2 14 9 7 48 12 76 5 45 9 12 11 78 10 8 15 89 
0 1158 2.0 15 13 53 2 93 9 79 12 95 3 19 8 29 7 86 11 64 5 4 14 65 15 80 10 41 6 91 4 38 1 54 
0 912 2.0 15 4 75 10 74 9 38 1 99 12 44 2 58 15 88 11 33 5 7 14 43 6 57 3 43 13 6 8 15 7 22 
0 933 2.0 15 12 85 2 45 10 3 5 15 4 50 9 26 13 92 1 62 7 5 8 77 15 96 11 59 14 48 3 12 6 43 
0 1101 2.0 15 2 25 8 14 7 34 6 33 10 18 15 89 3 49 5 73 4 89 1 68 14 72 13 99 12 49 9 73 11 62 
0 864 2.0 15 3 9 15 39 10 62 14 78 8 10 9 99 7 54 6 54 5 28 1 22 13 90 12 8 4 52 2 50 11 10 
0 1076 2.0 15 10 88 5 90 13 66 2 10 7 76 11 69 9 94 8 57 3 31 12 2 14 59 15 18 4 1 1 69 6 98 
0 929 2.0 15 5 83 2 25 10 37 1 24 9 48 3 55 15 66 4 34 6 37 7 80 8 20 14 77 12 26 13 72 11 31 
0 965 2.0 15 8 22 9 31 7 45 5 12 14 87 2 17 6 62 15 14 3 91 11 7 13 83 1 58 4 87 10 30 12 97 
0 1105 2.0 15 6 36 13 68 11 10 10 16 2 69 5 78 14 46 12 31 15 70 3 93 8 96 1 33 4 45 9 81 7 78 
0 969 2.0 15 2 13 14 21 1 14 6 75 5 88 7 14 9 28 12 81 15 16 13 82 10 94 11 55 8 64 4 78 3 23 
0 780 2.0 15 4 92 7 12 11 46 6 2 8 5 9 55 10 76 1 4 15 5 2 44 13 40 3 96 12 62 14 36 5 25 
0 846 2.0 15 5 17 9 86 7 36 10 10 4 94 3 65 1 4 6 40 14 3 8 12 2 74 13 99 11 5 15 68 12 38 
0 1088 2.0 15 5 52 1 44 13 72 7 24 2 92 4 88 15 7 12 93 8 12 3 63 6 71 9 88 11 75 14 18 10 38 
0 845 2.0 15 8 37 11 64 2 75 15 40 7 14 12 50 9 20 5 23 13 32 6 18 1 29 14 63 3 91 10 64 4 30 
0 794 2.0 15 13 69 14 15 2 39 11 23 8 51 3 64 10 54 15 29 5 91 12 16 6 95 4 15 7 20 1 24 9 6 
0 876 2.0 15 1 10 3 48 11 63 2 82 13 47 5 56 6 8 12 56 10 27 4 82 9 11 8 10 7 67 14 89 15 18 
0 694 2.0 15 1 49 11 11 14 50 13 25 7 35 2 76 9 76 3 1 4 35 15 69 10 19 5 4 8 26 6 47 12 11 
0 916 2.0 15 13 10 3 15 11 82 5 50 10 49 7 56 1 62 2 57 8 85 14 26 12 17 9 36 4 84 15 8 6 68 
0 724 2.0 15 4 25 2 19 13 67 6 28 7 88 3 68 9 29 15 63 1 8 12 5 8 5 11 47 14 6 10 2 5 97 
0 1046 2.0 15 12 29 7 62 15 20 6 56 5 64 4 82 2 20 1 11 8 65 13 66 3 45 14 58 9 84 11 73 10 70 
0 1016 2.0 15 4 52 3 66 11 9 10 83 2 22 6 77 14 60 9 28 8 31 5 12 7 87 1 85 12 8 13 88 15 74 
0 889 1.0 15 7 38 3 35 10 29 8 67 14 83 9 57 2 60 12 4 13 13 6 51 11 18 4 87 15 18 5 87 1 37 
0 950 1.0 15 3 60 5 21 8 98 15 77 12 66 9 81 10 8 14 54 1 62 2 41 6 36 13 73 11 50 4 1 7 3 
0 985 1.0 15 11 17 13 23 8 44 12 62 1 43 15 50 3 52 2 18 5 27 7 16 14 93 6 97 9 46 4 80 10 90 
0 928 1.0 15 1 94 10 40 12 46 2 18 15 39 5 55 4 52 8 18 3 46 6 5 13 26 11 39 9 49 14 94 7 93 
0 1111 1.0 15 11 56 1 44 13 91 10 63 6 52 5 54 8 31 3 99 9 42 14 6 2 1 7 94 12 32 15 93 4 97 
0 928 1.0 15 3 35 9 27 7 54 6 67 8 72 12 97 4 79 15 13 11 17 2 56 1 63 5 98 10 15 14 18 13 3 
0 813 1.0 15 3 20 6 47 4 76 14 58 1 42 11 76 13 38 15 7 7 4 8 25 2 61 9 3 10 62 5 8 12 99 
0 1228 1.0 15 3 71 6 94 15 24 2 74 8 77 14 90 13 69 11 46 4 63 7 81 10 33 9 70 12 40 5 91 1 22 
0 956 1.0 15 13 25 2 60 9 40 4 82 11 1 5 89 6 1 12 13 7 62 15 96 8 10 10 83 3 32 14 55 1 87 
0 1089 1.0 15 6 31 3 67 15 58 11 47 12 37 4 52 7 89 2 16 10 36 9 80 13 80 8 87 1 24 14 40 5 94 
