50 15 750 
0 833 4.0 15 15 68 3 21 6 7 2 19 4 83 8 74 11 12 5 69 12 39 9 9 1 63 10 67 7 58 14 37 13 15 
0 1150 4.0 15 2 62 1 83 6 32 3 56 5 61 8 67 4 9 11 50 14 88 15 99 13 50 12 86 7 42 9 70 10 30 
0 739 4.0 15 14 20 15 40 2 28 5 51 9 23 8 34 1 10 7 71 10 41 3 14 11 62 13 41 6 14 4 72 12 48 
0 1181 4.0 15 10 47 11 32 4 99 5 51 13 85 7 49 2 32 15 89 1 75 8 24 14 8 12 49 6 86 3 97 9 86 
0 864 4.0 15 2 12 3 65 1 3 4 89 9 26 14 67 5 24 8 24 15 4 13 43 12 33 11 52 10 40 6 84 7 99 
0 1020 4.0 15 9 77 10 1 3 81 2 61 8 51 4 14 15 78 11 69 12 95 6 18 13 15 1 66 5 74 14 84 7 1 
0 868 4.0 15 11 23 15 58 8 33 12 52 5 26 4 12 3 97 14 78 6 51 9 82 10 5 1 74 2 12 7 25 13 40 
0 1181 4.0 15 13 68 15 66 11 14 3 95 2 19 10 97 7 58 12 54 14 74 1 5 6 83 8 92 4 8 5 96 9 80 
0 1137 4.0 15 4 89 13 76 12 74 9 77 8 59 1 39 14 36 3 39 5 45 10 34 2 48 11 72 7 70 15 75 6 42 
0 1033 4.0 15 11 38 5 43 7 9 14 29 9 82 1 4 15 42 3 71 10 92 4 27 2 44 13 77 8 55 12 92 6 90 
0 859 2.0 15 14 7 5 57 8 20 6 39 9 61 4 10 7 93 3 34 10 85 12 62 1 29 13 4 2 51 11 62 15 47 
0 1068 2.0 15 5 65 3 57 7 76 6 89 2 9 14 61 4 64 1 2 15 85 9 84 11 27 10 70 13 5 8 59 12 69 
0 835 2.0 15 1 36 14 33 5 79 12 8 6 85 13 76 11 92 4 5 10 23 7 70 3 24 15 1 8 39 9 1 2 71 
0 942 2.0 15 1 44 14 48 4 59 2 56 9 77 7 12 13 87 3 41 15 89 6 24 12 24 5 58 10 56 11 17 8 33 
0 912 2.0 15 12 52 1 20 4 57 9 96 10 12 6 40 2 60 5 7 8 34 14 91 7 21 3 44 15 79 13 54 11 35 
0 939 2.0 15 12 12 10 24 4 15 11 66 6 62 8 4 3 37 13 33 1 77 9 67 14 76 5 41 7 77 2 51 15 81 
0 1224 2.0 15 6 63 1 60 8 49 7 76 3 75 13 65 14 26 12 74 10 11 4 44 2 67 9 94 11 90 5 62 15 86 
0 943 2.0 15 6 31 8 6 13 62 7 81 9 72 1 20 2 18 15 78 3 3 5 98 14 94 10 22 11 4 12 65 4 72 
0 780 2.0 15 5 21 9 44 3 87 12 31 10 91 4 31 6 81 8 10 14 31 11 24 13 38 2 90 7 18 15 2 1 1 
0 891 2.0 15 11 31 13 76 4 62 6 1 2 66 12 36 7 36 9 55 15 22 5 86 8 74 3 8 10 59 1 37 14 37 
0 711 2.0 15 12 4 14 71 2 39 7 16 5 33 11 26 10 45 8 87 6 42 13 11 4 18 3 11 1 17 9 76 15 51 
0 1034 2.0 15 8 34 10 38 15 74 1 54 6 60 4 91 14 81 13 92 2 45 7 51 3 20 5 71 9 14 11 13 12 58 
0 1062 2.0 15 13 66 1 13 15 21 2 92 8 3 10 3 9 78 3 47 5 46 6 52 7 87 11 87 14 62 4 70 12 90 
0 986 2.0 15 9 85 10 17 12 86 6 96 11 55 13 74 14 18 8 81 2 56 1 3 3 31 5 15 4 92 7 47 15 3 
0 1015 2.0 15 7 93 15 33 13 74 2 90 1 52 8 37 12 42 11 28 9 83 14 82 3 72 6 13 4 9 10 52 5 21 
0 800 2.0 15 10 11 6 61 14 47 13 11 9 41 2 7 4 31 3 51 15 2 1 81 12 45 11 27 7 52 8 88 5 61 
0 938 2.0 15 1 98 7 52 4 41 11 5 6 20 5 97 10 48 13 23 2 34 15 28 8 75 3 21 12 60 14 86 9 34 
0 1129 2.0 15 6 55 10 99 13 49 15 44 11 28 3 37 8 12 1 69 7 86 5 74 2 45 14 95 12 97 4 78 9 1 
0 897 2.0 15 5 93 1 42 6 25 12 34 11 59 13 10 10 44 8 38 14 80 4 29 9 68 3 71 15 27 2 24 7 46 
0 943 2.0 15 14 29 13 16 4 78 11 32 3 30 5 72 8 91 6 77 15 5 1 90 9 24 12 6 2 70 7 54 10 52 
0 951 2.0 15 12 38 15 68 6 52 8 79 13 5 7 47 11 42 14 4 10 66 3 47 9 71 2 79 4 17 1 64 5 53 
0 1172 2.0 15 2 51 7 90 6 62 1 97 12 77 13 30 3 17 10 13 5 65 11 60 8 90 15 13 14 78 9 82 4 77 
0 1008 2.0 15 6 22 10 38 7 94 15 10 5 64 1 22 4 91 12 70 2 22 14 54 3 82 8 49 9 30 13 62 11 66 
0 977 2.0 15 7 88 4 79 14 9 3 18 5 54 15 20 1 59 13 24 11 52 6 70 2 16 10 32 12 60 8 79 9 92 
0 858 2.0 15 14 44 10 7 12 78 5 85 4 13 1 3 8 58 2 62 3 59 15 79 6 31 9 44 7 12 11 79 13 6 
0 1134 2.0 15 9 72 4 70 6 97 7 25 3 8 13 99 5 65 11 2 8 92 2 3 14 61 15 95 1 42 12 82 10 60 
0 850 2.0 15 3 15 9 85 8 2 5 4 4 69 7 42 13 73 6 73 14 28 11 16 15 37 10 59 2 46 1 64 12 41 
0 1021 2.0 15 11 55 15 88 14 69 7 56 12 48 1 17 2 2 4 66 13 70 9 57 8 67 3 38 5 45 10 14 6 94 
0 976 2.0 15 2 59 9 99 14 97 13 14 12 3 8 26 1 6 3 47 7 35 4 71 5 49 10 91 6 38 11 74 15 42 
0 1032 2.0 15 8 41 3 40 1 98 9 50 6 54 12 14 7 64 10 54 13 84 11 26 2 56 14 69 15 96 5 6 4 42 
0 1041 1.0 15 5 88 2 43 15 40 7 48 14 46 10 70 9 8 13 36 4 16 6 85 1 82 11 50 12 74 3 28 8 87 
0 1063 1.0 15 14 6 6 48 7 70 10 98 1 19 11 24 5 37 9 38 13 85 12 99 2 20 15 76 8 94 4 90 3 14 
0 751 1.0 15 5 56 8 14 4 61 6 34 2 25 11 70 3 50 10 15 9 6 14 77 7 37 13 8 12 63 15 37 1 25 
0 1088 1.0 15 10 95 2 34 11 65 13 88 9 43 14 42 1 30 4 62 3 86 12 52 15 61 5 16 6 48 7 62 8 53 
0 916 1.0 15 1 44 3 92 13 4 11 59 15 3 4 34 9 8 10 78 2 22 5 98 8 9 6 63 14 84 7 54 12 53 
0 945 1.0 15 11 91 8 14 15 88 14 54 5 29 2 66 13 48 1 58 12 42 7 26 3 8 6 7 4 99 9 23 10 74 
0 1166 1.0 15 15 67 8 77 1 32 14 97 11 71 12 47 6 67 2 98 9 43 4 62 3 84 7 44 5 2 13 60 10 46 
0 754 1.0 15 10 27 8 72 9 62 14 7 11 76 3 3 4 30 7 37 5 9 13 13 1 72 6 99 2 16 12 17 15 40 
0 1014 1.0 15 13 52 8 97 9 25 15 92 11 54 1 55 14 51 5 92 7 40 10 52 12 62 6 42 2 1 3 56 4 9 
0 941 1.0 15 14 64 15 83 7 31 10 47 1 19 4 62 9 11 6 44 12 55 13 60 11 84 3 64 8 83 2 7 5 10 
