50 15 750 
0 921 4.0 15 10 14 11 79 4 6 9 35 6 42 8 64 5 51 1 67 13 13 2 9 14 46 7 84 12 60 3 10 15 34 
0 1132 4.0 15 2 45 8 42 9 95 3 97 10 43 15 40 13 25 5 22 4 57 12 15 14 59 1 33 6 83 11 72 7 27 
0 1285 4.0 15 3 15 14 92 12 82 5 76 15 87 9 93 11 30 4 96 7 21 6 76 8 61 2 62 10 7 13 21 1 38 
0 1419 4.0 15 11 36 13 96 8 77 2 97 6 26 15 13 5 90 10 60 3 91 4 86 9 74 1 64 12 42 14 93 7 1 
0 1086 4.0 15 6 27 4 61 8 87 1 2 10 30 7 47 12 58 11 5 13 83 5 72 15 71 3 52 2 48 9 54 14 27 
0 852 4.0 15 4 44 1 66 7 1 3 12 5 21 2 24 6 19 15 6 11 31 14 50 12 84 10 34 8 59 9 64 13 53 
0 1206 4.0 15 14 51 11 48 10 39 9 75 2 13 7 94 15 5 1 73 13 38 12 28 8 77 3 40 4 45 6 89 5 89 
0 1156 4.0 15 15 5 12 35 11 87 14 48 13 25 7 4 5 76 1 22 8 92 6 77 3 86 2 35 4 43 9 75 10 61 
0 924 4.0 15 8 49 3 41 9 80 11 26 2 18 15 30 6 43 5 50 1 26 13 23 4 22 10 70 7 44 14 53 12 41 
0 1063 4.0 15 13 41 6 3 5 5 8 30 4 93 2 76 12 86 9 20 15 72 7 66 10 81 3 37 11 37 1 48 14 14 
0 967 2.0 15 10 27 12 8 9 68 6 1 5 76 7 11 3 45 13 80 15 24 2 87 11 48 8 45 1 84 4 34 14 7 
0 1180 2.0 15 4 80 10 4 8 84 6 5 5 52 11 75 3 4 9 93 15 33 12 34 13 77 7 55 14 47 1 83 2 61 
0 1188 2.0 15 9 63 5 67 13 28 4 94 3 58 10 55 11 24 7 98 1 91 14 91 15 17 2 37 6 40 8 11 12 18 
0 1240 2.0 15 15 43 4 7 9 3 12 67 6 35 8 39 13 81 11 99 3 70 1 28 14 78 7 88 2 80 10 41 5 68 
0 1033 2.0 15 2 47 5 17 15 90 4 47 11 6 7 86 6 24 3 57 12 18 1 74 9 64 8 6 10 5 14 96 13 52 
0 1018 2.0 15 5 54 9 49 12 67 3 51 14 19 1 66 8 51 13 53 7 4 4 95 10 28 2 45 6 27 11 2 15 68 
0 1240 2.0 15 11 46 13 50 2 74 5 65 9 64 8 15 15 74 10 90 3 17 1 98 14 28 7 18 12 56 6 80 4 52 
0 1081 2.0 15 14 51 12 36 10 98 13 8 1 80 2 77 11 61 5 95 7 69 15 13 8 34 9 44 4 17 3 1 6 37 
0 810 2.0 15 11 75 3 6 15 16 2 61 8 45 14 57 5 25 10 14 6 31 4 12 9 2 1 44 12 98 7 47 13 7 
0 1069 2.0 15 1 49 12 71 3 34 11 5 7 90 4 51 5 18 6 66 13 56 9 49 8 38 15 44 10 21 2 74 14 47 
0 1275 2.0 15 2 81 5 4 9 29 3 96 4 78 8 80 13 65 14 61 10 84 15 26 1 36 6 67 12 60 7 16 11 67 
0 1114 2.0 15 8 33 13 53 10 51 6 6 2 95 3 91 15 11 11 21 7 76 5 32 9 56 4 77 1 41 14 82 12 18 
0 1113 2.0 15 3 47 1 18 11 80 8 82 4 21 15 24 12 67 2 68 6 81 13 49 9 39 7 29 5 20 10 79 14 38 
0 1023 2.0 15 10 82 5 70 15 56 2 66 4 16 3 62 9 27 1 6 7 1 11 88 8 45 6 27 12 8 13 87 14 41 
0 981 2.0 15 1 78 9 21 3 87 11 88 14 33 4 15 13 68 2 37 8 33 5 30 10 48 6 29 7 16 15 41 12 30 
0 1276 2.0 15 14 73 15 86 8 19 7 99 12 78 13 76 1 8 2 45 11 96 9 43 5 47 4 8 10 25 6 57 3 91 
0 1197 2.0 15 8 6 12 89 1 51 7 53 3 86 9 64 15 56 6 81 5 6 13 53 14 62 2 52 10 51 4 66 11 22 
0 1305 2.0 15 10 87 8 96 7 25 6 66 11 92 2 44 15 68 12 50 13 23 1 45 5 72 4 93 9 9 3 13 14 87 
0 1180 2.0 15 3 95 4 16 9 64 2 72 13 32 14 4 8 51 12 52 6 35 1 77 10 39 11 72 5 65 15 46 7 67 
0 1462 2.0 15 9 62 5 30 13 99 12 67 4 77 8 9 1 56 11 74 7 86 2 63 15 81 3 82 6 71 10 62 14 56 
0 1078 2.0 15 9 6 2 98 5 48 7 3 8 45 15 85 4 31 11 43 6 14 13 70 1 16 14 87 12 25 10 62 3 86 
0 1384 2.0 15 8 92 14 98 1 91 9 30 10 35 2 29 11 80 13 99 6 25 4 53 5 49 12 97 3 34 7 98 15 13 
0 1123 2.0 15 11 34 9 66 15 83 3 78 13 10 1 95 4 64 6 43 2 65 10 37 12 73 8 33 14 45 5 5 7 18 
0 916 2.0 15 2 11 3 21 6 42 10 70 8 43 5 48 1 58 4 54 15 9 13 17 14 73 11 42 7 18 12 76 9 29 
0 1078 2.0 15 12 92 3 89 5 28 15 8 7 13 6 92 8 13 13 45 10 47 4 36 9 44 1 67 11 25 14 77 2 43 
0 1419 2.0 15 15 88 9 36 6 13 8 65 11 9 14 45 2 89 1 79 10 99 5 94 4 37 3 76 7 99 13 38 12 79 
0 1099 2.0 15 14 32 8 65 13 86 12 44 9 2 4 55 10 66 3 50 2 31 6 66 15 88 7 10 1 46 11 56 5 36 
0 1290 2.0 15 1 55 15 78 6 55 3 62 5 65 11 97 10 9 7 47 4 56 12 92 13 21 9 66 14 40 8 20 2 97 
0 1305 2.0 15 10 81 8 43 1 72 7 71 5 5 9 56 2 84 4 53 13 98 11 76 6 15 14 84 12 48 15 65 3 19 
0 988 2.0 15 15 99 11 23 7 14 6 3 1 25 5 95 9 53 13 22 10 31 3 3 8 86 2 40 12 66 4 80 14 19 
0 1110 1.0 15 4 8 12 37 5 90 15 98 6 17 9 88 7 35 3 52 10 1 11 99 8 36 14 29 2 77 1 18 13 55 
0 949 1.0 15 4 76 1 33 11 37 3 81 13 71 8 57 5 88 9 29 7 41 15 7 12 43 10 7 2 32 14 15 6 16 
0 880 1.0 15 15 22 3 38 7 21 6 25 2 9 4 50 12 51 14 83 9 73 13 85 10 53 5 21 11 12 1 10 8 34 
0 1188 1.0 15 11 89 7 84 15 94 12 82 8 42 14 26 2 16 10 40 9 55 1 15 5 31 13 73 3 95 4 39 6 11 
0 1273 1.0 15 6 52 3 71 13 75 8 11 10 77 12 75 1 68 2 55 4 90 11 21 7 62 9 23 5 95 15 8 14 66 
0 1137 1.0 15 10 91 12 45 2 44 8 23 1 47 15 60 9 36 6 81 11 24 7 60 3 62 14 13 4 88 5 38 13 46 
0 1243 1.0 15 8 90 11 87 10 49 4 77 14 32 5 28 13 80 6 61 9 75 15 23 2 5 7 43 3 31 1 80 12 68 
0 1335 1.0 15 5 92 12 67 14 78 15 39 6 74 8 47 3 56 10 81 13 51 2 85 1 12 11 25 4 64 9 70 7 49 
0 1215 1.0 15 12 73 11 73 9 59 4 47 7 36 10 81 13 58 8 38 5 33 2 19 1 15 3 97 6 25 14 67 15 89 
0 1057 1.0 15 10 9 7 58 5 64 3 46 15 2 4 24 9 68 12 4 11 55 14 95 6 98 8 57 2 63 1 31 13 31 
