50 15 750 
0 1212 4.0 15 12 30 4 16 13 71 1 30 15 78 10 46 2 18 7 32 3 34 14 88 8 94 5 85 6 83 9 30 11 73 
0 1018 4.0 15 3 14 9 51 15 6 2 33 1 17 11 22 7 63 13 71 8 14 10 87 4 58 5 37 12 55 14 73 6 78 
0 948 4.0 15 14 39 1 26 6 79 7 10 15 48 12 48 5 97 4 22 8 89 10 1 13 3 9 44 3 9 11 77 2 40 
0 1330 4.0 15 14 79 5 66 10 39 12 61 2 57 7 96 13 98 3 54 11 88 4 21 1 92 8 3 15 39 9 21 6 73 
0 1335 4.0 15 10 5 4 65 5 93 8 90 12 64 1 30 9 93 11 88 7 91 6 47 15 26 13 79 2 3 3 77 14 39 
0 1080 4.0 15 3 6 1 61 6 92 4 22 13 18 2 52 5 82 7 48 10 32 8 73 9 49 11 16 15 76 14 55 12 38 
0 1248 4.0 15 7 16 2 29 10 93 3 89 8 61 11 47 5 25 12 38 1 28 14 46 15 93 13 68 4 99 6 41 9 59 
0 1048 4.0 15 3 50 14 77 15 11 5 79 4 98 11 66 8 23 10 15 7 24 6 41 2 8 12 57 13 68 1 52 9 30 
0 1107 4.0 15 8 26 15 36 13 79 3 92 14 93 9 11 7 18 1 71 2 26 6 95 12 14 10 86 5 41 4 3 11 47 
0 1272 4.0 15 11 14 6 16 8 56 4 74 13 92 7 33 3 93 1 68 14 70 9 38 15 64 10 79 12 8 5 69 2 74 
0 1180 2.0 15 14 87 5 74 15 84 7 78 4 49 3 45 6 44 9 53 10 83 13 28 8 3 1 48 12 6 11 52 2 53 
0 1366 2.0 15 10 71 15 9 8 73 7 90 12 58 13 16 5 90 6 54 11 48 14 64 4 17 2 63 9 64 1 98 3 96 
0 880 2.0 15 9 58 11 47 8 95 12 34 14 14 2 11 3 2 4 52 15 29 13 65 10 86 5 60 6 13 7 5 1 16 
0 1063 2.0 15 6 64 11 29 3 35 5 6 8 90 10 42 13 36 4 29 14 57 2 39 15 52 7 39 9 93 1 21 12 77 
0 1155 2.0 15 14 85 2 98 12 44 8 85 4 45 9 64 6 33 5 49 3 23 7 84 1 53 15 17 10 48 13 31 11 11 
0 940 2.0 15 4 33 5 89 8 48 10 20 9 95 6 57 12 8 15 19 13 21 3 36 7 65 11 37 1 93 14 4 2 2 
0 1461 2.0 15 11 51 4 57 10 69 15 74 1 95 8 79 14 37 13 82 7 75 12 20 5 49 9 38 2 78 3 97 6 73 
0 1239 2.0 15 10 68 13 91 14 5 15 50 7 32 3 48 5 39 8 81 1 32 9 68 12 92 4 74 11 27 6 60 2 59 
0 1369 2.0 15 8 82 4 63 7 18 13 32 14 69 15 82 1 76 6 39 9 72 2 90 12 4 3 54 11 79 10 81 5 72 
0 1476 2.0 15 4 98 12 97 13 37 5 95 7 93 1 56 14 46 9 85 6 7 10 78 8 71 2 69 11 47 15 41 3 64 
0 955 2.0 15 5 65 3 64 2 28 4 46 14 27 11 53 13 6 9 71 15 12 6 15 8 61 7 89 12 56 1 35 10 9 
0 1263 2.0 15 8 86 9 86 6 72 4 13 14 69 1 39 11 98 13 28 12 32 7 64 3 21 2 86 5 50 10 8 15 90 
0 1336 2.0 15 9 96 14 82 15 2 6 4 13 27 12 43 11 35 10 73 3 97 4 21 8 78 1 95 7 76 2 73 5 89 
0 814 2.0 15 1 19 10 17 2 55 9 53 7 89 13 40 6 3 8 3 5 14 4 40 3 69 14 50 11 20 15 41 12 30 
0 867 2.0 15 9 9 6 75 8 67 3 4 7 8 12 70 14 38 5 1 10 99 1 49 2 43 15 74 13 31 11 9 4 1 
0 1186 2.0 15 11 85 12 90 4 94 9 15 3 73 8 50 15 81 5 26 2 91 6 10 1 58 7 32 10 78 14 1 13 7 
0 1429 2.0 15 12 58 1 95 6 31 9 99 10 89 5 92 2 18 7 42 3 95 4 7 15 81 11 47 14 53 13 94 8 52 
0 975 2.0 15 12 13 1 57 9 45 3 71 2 16 7 90 14 25 10 52 15 72 13 11 11 21 5 27 6 34 4 89 8 27 
0 933 2.0 15 3 40 13 44 8 17 5 94 14 39 9 49 1 52 10 17 6 79 12 44 2 70 4 1 11 67 7 1 15 8 
0 1009 2.0 15 9 98 4 38 7 53 2 98 13 41 8 63 12 2 5 68 10 28 3 75 11 14 15 21 14 8 6 65 1 1 
0 939 2.0 15 3 5 7 40 8 27 14 93 9 65 4 93 2 7 11 39 15 42 12 8 10 29 6 27 13 57 5 17 1 77 
0 1116 2.0 15 14 39 6 18 3 17 13 93 2 8 7 57 5 66 1 76 4 28 9 21 8 2 10 82 12 66 11 77 15 94 
0 1120 2.0 15 1 75 14 13 5 48 11 13 15 39 8 16 9 69 2 39 4 35 10 75 7 85 6 55 12 45 13 55 3 85 
0 1158 2.0 15 5 85 14 82 11 13 6 89 9 34 3 10 2 95 4 38 7 4 15 10 13 84 8 88 12 65 10 25 1 50 
0 1326 2.0 15 10 75 14 74 4 84 6 71 13 54 15 53 7 86 2 11 5 72 11 27 3 89 8 60 9 25 12 17 1 86 
0 1063 2.0 15 13 16 7 66 12 24 5 6 2 81 10 26 9 68 6 41 1 2 14 87 3 86 15 71 11 32 4 34 8 69 
0 991 2.0 15 4 22 11 16 5 45 14 56 10 8 8 62 15 20 13 84 12 87 9 59 3 53 2 81 1 43 6 3 7 22 
0 957 2.0 15 14 28 13 23 2 66 3 27 9 49 1 46 8 49 5 64 11 43 7 12 10 95 6 38 4 31 12 49 15 18 
0 1159 2.0 15 14 20 9 22 3 90 8 84 12 14 13 36 11 5 10 80 7 99 5 93 2 67 1 58 4 37 6 13 15 55 
0 1705 2.0 15 7 98 12 88 4 38 5 95 9 87 3 69 11 99 14 85 8 75 6 39 10 77 2 57 15 82 1 96 13 52 
0 1113 1.0 15 9 9 3 89 8 82 14 81 10 16 4 40 15 74 13 27 1 33 2 33 11 15 7 78 6 58 12 79 5 28 
0 1246 1.0 15 7 64 5 92 9 8 10 48 3 75 6 29 14 69 2 33 13 83 12 19 15 97 1 74 8 98 11 3 4 39 
0 1336 1.0 15 14 68 10 87 13 88 4 72 15 84 6 26 9 11 8 95 11 94 5 90 12 8 1 17 2 53 3 92 7 6 
0 1383 1.0 15 8 97 4 96 11 29 2 68 9 96 6 69 1 95 12 90 10 67 14 53 3 23 5 18 15 54 7 49 13 18 
0 1090 1.0 15 12 78 14 44 9 69 2 25 13 48 5 77 3 1 11 70 7 14 10 25 4 95 15 25 1 53 8 64 6 39 
0 1126 1.0 15 2 3 12 80 11 70 8 59 6 43 4 54 15 54 3 59 14 29 7 62 5 89 10 3 1 59 13 79 9 8 
0 1017 1.0 15 15 38 12 15 2 18 9 76 6 21 14 82 1 84 10 53 5 18 13 74 7 59 11 61 4 11 3 58 8 10 
0 1197 1.0 15 11 22 6 7 8 89 3 39 12 44 5 41 4 41 15 83 10 54 1 87 13 86 7 7 2 70 14 55 9 73 
0 1093 1.0 15 15 5 13 59 11 22 7 59 5 68 14 99 9 41 8 27 3 62 12 80 6 30 4 37 2 60 1 76 10 4 
0 1006 1.0 15 13 24 3 95 11 67 4 85 5 8 1 15 14 73 15 52 8 12 6 39 7 16 9 62 2 61 12 9 10 53 
