50 15 750 
0 1041 4.0 15 12 86 2 13 3 65 9 20 6 76 14 82 11 42 15 10 5 50 13 29 10 30 7 53 4 52 8 19 1 24 
0 1484 4.0 15 2 19 1 76 4 77 10 73 6 76 5 87 11 61 14 51 3 61 7 99 8 38 13 98 9 34 12 34 15 44 
0 1243 4.0 15 10 29 8 80 5 63 1 15 3 75 2 27 9 98 11 38 4 57 6 80 13 56 15 54 12 55 7 35 14 15 
0 1441 4.0 15 1 72 13 73 4 67 12 58 11 14 3 59 14 6 8 70 15 88 7 66 9 65 5 96 10 95 6 56 2 16 
0 1344 4.0 15 4 21 2 78 10 3 6 76 11 10 9 46 3 98 1 12 14 55 8 92 5 42 7 68 15 67 12 75 13 97 
0 1441 4.0 15 6 30 5 20 11 80 9 16 4 76 14 45 2 97 10 70 7 54 3 38 12 76 15 84 1 55 13 93 8 67 
0 1172 4.0 15 12 81 4 53 10 37 3 84 5 33 14 69 8 52 7 11 11 2 1 7 15 79 13 36 9 78 2 92 6 19 
0 1209 4.0 15 8 28 10 78 1 62 13 17 14 38 2 66 4 68 15 6 5 60 6 93 12 47 7 63 3 26 11 58 9 46 
0 1140 4.0 15 15 19 12 4 3 66 13 51 14 61 5 16 6 72 10 20 8 85 7 95 11 37 1 21 9 94 2 64 4 8 
0 1361 4.0 15 13 45 2 84 15 52 11 50 12 77 3 38 9 60 4 2 14 50 10 65 8 71 1 67 6 95 7 71 5 24 
0 1313 2.0 15 6 32 15 6 3 42 13 74 8 56 4 38 7 55 11 84 2 96 12 86 10 47 5 38 9 4 14 72 1 91 
0 1345 2.0 15 8 81 12 49 2 40 5 57 7 16 3 7 9 13 10 18 14 96 11 84 6 53 15 70 1 94 13 74 4 89 
0 1419 2.0 15 9 71 2 66 4 45 11 27 12 79 8 75 7 71 1 88 14 14 3 36 15 88 5 23 13 52 6 74 10 78 
0 1140 2.0 15 12 46 7 69 13 24 14 20 5 37 2 53 1 82 10 34 9 54 6 47 11 13 3 28 4 78 8 42 15 86 
0 1368 2.0 15 9 46 5 88 4 37 14 75 2 56 3 77 13 21 7 8 10 52 1 53 15 12 6 81 12 72 8 79 11 98 
0 908 2.0 15 9 12 3 10 6 98 4 15 5 55 13 48 15 91 2 11 10 28 11 42 7 13 14 85 1 15 8 21 12 24 
0 1356 2.0 15 1 44 11 46 5 79 8 13 7 48 15 78 12 67 10 72 3 87 6 64 2 21 14 58 13 75 9 86 4 10 
0 1388 2.0 15 2 32 9 73 7 70 3 30 10 91 5 63 14 33 12 38 11 42 4 82 15 71 8 70 6 78 1 15 13 80 
0 1211 2.0 15 13 6 6 27 12 79 3 59 8 77 4 99 15 27 2 26 9 61 5 11 14 20 10 66 7 96 11 55 1 48 
0 1321 2.0 15 15 57 9 47 5 84 6 84 1 92 3 4 12 62 10 23 2 56 7 99 14 68 11 5 4 31 8 83 13 31 
0 1230 2.0 15 4 24 5 43 14 48 12 79 8 40 13 57 7 90 10 83 15 8 6 99 9 29 2 8 1 40 11 64 3 57 
0 1331 2.0 15 8 77 9 53 15 1 6 99 3 39 1 81 2 58 10 94 11 41 13 93 7 61 5 24 14 32 4 31 12 48 
0 1140 2.0 15 7 42 12 39 15 60 8 41 13 40 10 45 9 14 1 27 2 8 3 29 5 89 14 92 4 74 11 97 6 16 
0 1000 2.0 15 10 14 3 28 4 10 15 6 9 27 2 57 11 54 5 62 14 57 12 98 7 32 6 32 8 21 13 61 1 66 
0 1200 2.0 15 3 6 12 13 2 33 10 88 1 92 5 20 13 79 6 63 9 29 7 97 8 66 14 59 4 2 11 83 15 20 
0 1307 2.0 15 2 36 12 35 9 70 1 34 13 60 4 63 11 90 15 94 8 56 14 27 3 49 5 93 7 27 6 39 10 44 
0 1134 2.0 15 6 19 4 13 12 54 13 69 15 56 3 32 11 80 9 30 14 49 7 74 10 79 1 25 5 69 2 9 8 51 
0 1169 2.0 15 8 37 9 92 3 59 6 11 14 41 5 68 10 3 7 6 15 3 11 54 13 98 1 82 4 21 12 61 2 95 
0 1200 2.0 15 3 79 1 15 12 44 6 91 8 93 13 38 11 90 14 21 10 42 7 40 2 15 9 24 5 97 4 34 15 27 
0 1033 2.0 15 8 74 12 69 10 81 1 7 7 71 9 6 5 32 13 15 3 28 4 6 15 53 6 73 2 65 14 29 11 37 
0 1286 2.0 15 15 45 3 87 9 27 11 76 8 64 5 35 4 4 2 57 10 43 1 98 12 62 6 49 14 44 13 75 7 38 
0 1667 2.0 15 7 93 9 78 8 92 12 44 5 20 3 83 4 51 2 68 11 91 14 7 10 97 6 69 1 97 15 94 13 58 
0 1262 2.0 15 14 80 3 80 2 22 15 51 7 71 1 25 13 13 12 7 5 88 11 26 6 83 8 73 4 73 10 39 9 58 
0 1126 2.0 15 1 77 4 19 15 9 8 60 10 19 3 87 11 60 5 48 12 86 7 50 9 7 2 19 6 14 13 52 14 97 
0 1190 2.0 15 5 4 4 86 12 56 14 86 8 49 6 16 1 46 9 93 7 87 13 39 3 22 2 1 15 71 11 4 10 84 
0 1374 2.0 15 8 39 14 84 5 98 9 95 13 22 15 48 11 28 12 27 1 21 6 55 3 80 10 10 2 89 4 87 7 76 
0 1324 2.0 15 13 69 11 80 5 59 2 98 9 76 6 12 10 4 3 58 12 24 1 86 15 45 7 89 4 17 8 30 14 81 
0 1030 2.0 15 1 22 6 5 5 28 15 18 14 46 2 88 3 10 11 90 10 80 9 53 13 41 7 98 12 28 8 12 4 25 
0 1318 2.0 15 3 93 12 19 10 83 2 58 8 61 15 7 1 88 6 17 13 81 4 69 7 76 14 12 5 71 9 61 11 28 
0 1156 2.0 15 13 21 4 20 11 89 7 38 10 91 1 49 3 42 12 26 8 89 15 80 9 10 5 15 2 49 14 45 6 59 
0 1028 1.0 15 6 86 11 2 13 20 1 17 9 48 8 46 7 6 10 43 12 16 2 51 3 74 5 81 15 74 4 64 14 15 
0 1425 1.0 15 7 47 14 98 8 32 10 35 4 81 2 96 15 42 5 15 12 35 13 92 3 55 11 98 6 61 9 74 1 30 
0 1171 1.0 15 5 44 9 8 10 53 8 45 7 71 3 65 6 87 14 4 4 35 12 9 11 30 1 56 15 67 13 68 2 90 
0 1324 1.0 15 2 62 8 31 9 14 3 43 13 21 10 58 12 82 5 85 15 88 11 33 4 39 7 70 6 63 1 82 14 57 
0 1499 1.0 15 8 71 5 99 9 78 11 83 4 88 14 9 3 50 13 38 1 76 2 85 10 97 15 19 6 68 7 51 12 25 
0 1308 1.0 15 3 3 15 57 13 75 8 95 5 6 14 31 6 79 10 86 1 95 4 87 2 66 9 35 11 68 7 17 12 18 
0 1139 1.0 15 8 68 3 71 12 84 14 64 9 53 11 67 5 44 13 1 10 63 1 27 4 10 6 21 15 50 2 13 7 76 
0 1016 1.0 15 10 56 15 77 2 40 3 82 13 75 12 92 5 17 8 72 6 10 11 12 1 48 4 5 7 3 14 13 9 33 
0 1025 1.0 15 13 25 1 86 11 32 5 31 9 14 10 58 8 31 12 62 4 41 3 55 6 44 2 13 15 53 7 33 14 63 
0 1456 1.0 15 12 8 4 95 6 44 11 38 2 6 7 95 15 87 14 47 13 42 1 72 5 93 3 92 9 38 10 98 8 55 
