50 15 750 
0 1075 4.0 15 11 46 5 43 1 25 7 99 3 90 4 21 13 27 2 17 6 16 12 88 9 64 8 9 15 50 14 55 10 22 
0 1161 4.0 15 15 9 6 39 3 58 7 16 4 98 8 58 10 81 9 51 1 10 2 31 14 49 11 65 13 48 12 62 5 51 
0 1268 4.0 15 12 54 15 46 3 96 6 46 8 16 14 17 13 72 1 51 4 33 10 91 11 18 5 84 7 87 2 31 9 51 
0 1076 4.0 15 7 3 4 94 5 91 10 2 3 50 1 89 13 78 8 5 6 30 12 10 11 22 14 76 2 50 9 45 15 28 
0 1073 4.0 15 2 5 11 53 1 57 10 14 6 90 5 8 8 52 13 76 12 59 4 15 14 39 15 40 7 54 9 57 3 52 
0 1289 4.0 15 3 31 1 2 9 56 5 64 13 55 10 96 7 6 15 36 14 29 6 57 4 86 2 69 8 54 11 76 12 89 
0 1262 4.0 15 1 39 12 7 3 32 14 74 9 90 5 66 11 76 13 53 15 46 8 27 2 83 7 49 4 72 6 22 10 53 
0 1524 4.0 15 4 83 3 18 5 86 11 89 7 93 13 63 6 34 14 97 9 84 10 61 15 32 12 48 1 23 2 81 8 61 
0 1129 4.0 15 13 32 11 11 2 18 5 54 8 96 10 67 7 73 3 61 4 15 12 67 15 34 6 37 14 65 1 44 9 32 
0 1478 4.0 15 13 79 6 23 15 51 8 60 11 9 10 54 7 85 5 88 4 83 9 55 12 87 3 93 14 80 1 72 2 5 
0 1288 2.0 15 11 54 6 54 15 54 4 59 3 49 14 68 8 56 5 9 10 23 13 58 12 88 7 82 9 10 1 87 2 54 
0 1540 2.0 15 6 72 1 84 15 29 11 59 10 60 7 98 12 41 13 87 9 27 3 31 2 79 14 69 8 64 4 86 5 77 
0 1168 2.0 15 2 71 13 61 4 33 6 55 1 83 9 9 12 87 10 19 3 49 5 68 14 4 15 24 8 41 7 49 11 77 
0 1180 2.0 15 9 36 12 23 11 36 7 41 6 56 1 68 5 81 2 49 15 45 8 67 13 89 3 60 4 1 14 58 10 28 
0 1004 2.0 15 7 43 8 76 2 42 3 59 11 50 15 3 13 26 9 41 10 66 1 52 14 8 5 33 4 40 6 39 12 50 
0 966 2.0 15 2 65 9 30 11 49 5 14 7 64 8 34 14 35 15 66 13 16 6 45 4 36 1 80 3 5 10 2 12 63 
0 1126 2.0 15 2 53 1 7 9 34 4 53 13 43 3 85 7 9 5 64 15 92 12 65 11 15 14 1 8 6 10 95 6 82 
0 838 2.0 15 3 11 8 3 15 33 5 62 10 70 11 6 4 3 6 35 7 57 14 76 13 38 12 28 9 78 2 7 1 17 
0 998 2.0 15 7 40 5 55 2 21 13 11 1 58 15 8 4 38 9 19 3 25 8 55 14 39 11 92 12 30 6 94 10 39 
0 1051 2.0 15 9 34 1 18 15 99 4 28 8 2 7 41 2 35 14 6 6 70 12 4 13 95 3 59 10 7 5 88 11 71 
0 1187 2.0 15 12 39 14 48 8 27 15 27 2 23 13 80 5 35 6 67 4 22 10 85 9 70 11 36 1 43 3 80 7 60 
0 1276 2.0 15 13 15 5 22 2 93 14 85 7 9 1 38 6 98 9 25 4 64 11 45 12 96 15 36 8 37 3 46 10 89 
0 1320 2.0 15 3 23 10 20 11 46 8 91 12 45 5 67 9 6 1 69 6 82 4 76 7 5 13 71 14 82 15 70 2 72 
0 1392 2.0 15 6 36 10 93 4 23 2 13 3 80 13 44 1 95 8 81 15 44 5 44 11 85 12 58 7 62 14 18 9 94 
0 1296 2.0 15 6 60 13 68 5 84 12 35 10 92 15 62 9 94 2 89 4 1 3 48 11 36 1 35 8 28 7 37 14 41 
0 1052 2.0 15 15 62 11 35 3 62 4 15 1 8 10 18 12 21 13 28 8 72 7 65 2 82 6 16 14 40 9 93 5 41 
0 1006 2.0 15 15 12 3 14 10 53 2 20 8 99 6 30 9 48 4 9 5 51 13 12 1 60 7 51 12 80 14 81 11 9 
0 904 2.0 15 9 61 15 62 12 33 8 61 7 73 10 3 13 1 11 19 1 80 5 40 2 16 6 23 4 7 14 82 3 4 
0 1456 2.0 15 3 12 13 76 5 95 14 63 15 52 7 60 10 86 4 67 6 26 2 25 1 85 9 12 8 86 12 92 11 73 
0 1163 2.0 15 14 57 4 56 2 47 7 98 11 55 12 3 10 29 15 33 1 24 8 92 6 51 13 66 5 38 3 19 9 59 
0 1350 2.0 15 4 12 2 54 12 73 7 33 13 23 8 75 11 69 15 93 6 64 14 46 9 44 1 81 3 1 5 78 10 98 
0 1270 2.0 15 1 22 3 95 5 28 14 8 6 59 11 63 4 87 12 84 8 22 2 43 15 85 10 99 13 9 7 11 9 79 
0 1097 2.0 15 10 2 11 20 13 49 6 32 7 49 15 17 3 71 1 79 8 25 4 78 5 33 2 20 14 84 12 60 9 67 
0 1299 2.0 15 5 12 9 45 1 81 12 29 3 41 10 87 8 57 13 68 2 79 11 97 4 16 6 61 14 63 15 25 7 51 
0 1347 2.0 15 3 41 15 33 2 80 12 76 1 74 7 3 5 55 4 32 11 20 6 77 13 60 8 62 10 70 9 68 14 91 
0 1326 2.0 15 3 96 7 13 10 73 5 16 2 6 1 23 15 88 8 72 4 37 9 33 14 98 11 14 6 81 13 84 12 95 
0 892 2.0 15 8 84 4 47 9 17 14 38 10 11 11 33 12 49 5 9 6 51 2 26 15 99 3 18 7 41 13 28 1 7 
0 1040 2.0 15 10 1 8 14 4 34 7 49 5 11 9 78 2 8 12 8 15 68 14 38 13 72 6 70 1 32 3 81 11 86 
0 1105 2.0 15 3 93 11 34 1 6 6 99 2 4 4 29 15 24 5 84 13 53 14 17 9 50 8 53 7 24 12 59 10 62 
0 1316 2.0 15 5 67 15 75 14 89 1 82 6 39 3 82 11 35 8 58 10 63 2 4 12 64 13 8 4 30 9 53 7 74 
0 1048 1.0 15 15 44 4 17 2 26 14 73 6 34 7 38 9 45 5 71 1 16 10 96 3 86 11 30 13 46 8 26 12 7 
0 1355 1.0 15 2 45 10 16 6 96 13 68 8 48 1 30 12 79 4 90 15 84 7 48 11 79 3 14 5 42 9 82 14 26 
0 792 1.0 15 3 1 11 62 2 45 12 3 7 7 14 15 13 22 8 71 4 19 9 87 6 55 15 12 10 50 5 10 1 36 
0 1204 1.0 15 8 71 13 3 15 61 12 34 10 60 2 72 6 34 14 33 4 69 9 36 5 88 7 1 3 3 11 98 1 90 
0 1123 1.0 15 5 84 1 50 3 74 6 16 12 86 14 32 11 2 15 22 7 22 9 73 10 16 8 8 4 64 13 70 2 83 
0 1121 1.0 15 10 57 8 22 7 43 11 2 14 10 2 37 9 46 6 89 12 31 15 27 13 47 1 85 4 86 5 81 3 38 
0 1264 1.0 15 8 39 6 14 10 64 15 87 5 34 3 33 2 37 1 78 13 84 14 27 7 46 11 93 9 75 12 70 4 9 
0 1264 1.0 15 12 25 2 84 1 15 5 59 10 85 3 53 4 29 11 70 6 50 7 93 14 23 15 98 13 2 9 17 8 87 
0 1124 1.0 15 8 11 9 7 5 70 15 19 6 13 3 23 11 94 1 2 13 55 7 93 14 77 10 92 12 39 2 33 4 75 
0 1080 1.0 15 12 29 7 60 10 27 14 57 8 79 3 67 1 66 4 22 13 27 5 20 15 5 6 43 11 79 2 9 9 85 
