50 15 750 
0 1020 4.0 15 2 17 13 55 3 62 7 74 11 38 1 44 12 29 10 47 5 94 8 38 6 64 14 75 15 60 4 78 9 10 
0 917 4.0 15 8 18 2 59 1 87 12 40 5 53 10 38 11 44 3 38 6 7 7 9 14 96 13 67 9 58 4 28 15 64 
0 1036 4.0 15 10 42 4 11 6 93 11 72 9 58 7 49 13 46 5 21 8 93 1 51 14 13 15 72 12 78 3 43 2 55 
0 903 4.0 15 11 93 8 47 4 82 13 64 9 38 1 24 6 17 7 7 12 49 2 4 15 69 10 39 3 25 5 85 14 52 
0 847 4.0 15 12 48 1 80 10 48 4 3 8 7 14 69 9 53 7 46 6 1 2 52 3 37 13 25 15 84 11 85 5 14 
0 982 4.0 15 3 49 5 42 15 62 8 86 2 14 9 25 1 62 7 63 6 86 11 7 14 83 4 84 10 54 13 23 12 16 
0 1077 4.0 15 5 56 4 79 8 97 11 34 10 3 9 83 3 39 14 44 15 43 12 98 2 99 7 2 6 47 1 97 13 8 
0 1132 4.0 15 14 61 15 84 3 96 13 64 6 58 9 64 11 14 5 40 1 94 4 13 8 24 12 64 2 63 10 58 7 74 
0 1123 4.0 15 15 93 7 4 2 28 4 43 1 92 8 55 5 87 10 19 11 23 9 23 13 99 3 89 12 42 14 71 6 96 
0 864 4.0 15 5 56 4 31 8 72 7 88 1 6 9 50 11 66 2 93 12 26 13 17 14 62 10 4 6 13 15 46 3 35 
0 967 2.0 15 2 7 4 81 15 97 9 52 3 93 6 28 10 74 7 17 13 48 1 45 8 51 11 65 12 74 5 2 14 10 
0 960 2.0 15 13 85 3 85 5 93 7 35 12 51 10 6 4 91 8 99 9 9 6 38 11 3 15 15 2 39 14 55 1 35 
0 868 2.0 15 7 14 15 28 3 49 12 53 1 94 4 7 13 14 6 29 2 30 9 47 14 50 10 54 8 25 11 90 5 84 
0 783 2.0 15 6 16 12 43 5 82 1 2 10 86 11 70 15 49 13 26 4 63 8 34 2 86 9 1 3 26 14 8 7 11 
0 1077 2.0 15 9 90 4 19 15 54 13 27 10 38 11 57 5 68 6 70 14 76 8 30 3 55 12 98 2 9 7 57 1 81 
0 1218 2.0 15 12 24 5 95 14 91 1 57 15 71 6 71 10 84 11 49 13 94 7 74 4 18 3 22 9 33 2 73 8 81 
0 988 2.0 15 15 86 1 5 6 94 5 1 11 68 2 50 9 53 10 14 13 82 12 80 4 42 14 1 8 72 7 48 3 64 
0 877 2.0 15 15 19 14 45 2 50 10 14 9 3 13 82 7 4 11 55 1 94 12 76 8 64 5 69 4 32 3 20 6 48 
0 964 2.0 15 11 53 1 33 13 90 5 13 8 73 2 48 7 52 6 57 4 71 3 13 10 55 9 95 12 49 14 32 15 8 
0 871 2.0 15 3 72 9 1 11 8 1 63 12 7 15 5 7 30 2 71 5 74 8 79 14 36 13 71 6 31 4 79 10 43 
0 988 2.0 15 4 93 15 96 12 93 8 88 1 4 10 12 13 34 14 11 5 17 9 20 2 74 11 70 6 13 7 52 3 83 
0 1194 2.0 15 10 87 9 39 8 84 2 69 1 65 4 19 7 82 15 48 3 87 5 87 6 1 11 58 14 90 12 22 13 81 
0 1030 2.0 15 11 57 15 17 7 58 10 27 14 48 6 38 8 77 1 92 13 11 12 21 9 70 3 69 4 47 2 91 5 70 
0 938 2.0 15 13 92 3 17 1 6 6 58 14 47 10 90 7 33 15 25 2 22 9 97 4 40 8 63 5 95 11 17 12 20 
0 900 2.0 15 5 87 2 80 15 3 8 97 7 53 3 38 11 28 1 31 12 47 6 4 14 46 4 11 9 70 13 54 10 44 
0 1016 2.0 15 1 82 15 50 12 60 5 15 7 66 2 55 11 25 9 44 4 94 14 73 10 78 13 96 8 22 3 18 6 4 
0 937 2.0 15 5 91 4 10 1 87 11 65 7 12 10 73 6 17 15 6 8 85 2 29 13 54 3 72 12 43 14 48 9 29 
0 926 2.0 15 8 48 10 41 3 44 5 99 15 14 11 9 9 21 2 70 4 87 14 66 12 37 1 82 6 29 13 56 7 10 
0 1186 2.0 15 7 28 11 64 12 87 15 51 10 52 1 85 2 85 3 59 8 44 9 80 6 51 4 11 13 63 5 68 14 85 
0 873 2.0 15 9 32 13 38 15 90 8 18 12 9 1 33 11 43 14 59 3 52 7 91 4 57 10 38 6 15 5 18 2 79 
0 990 2.0 15 10 14 6 31 13 96 8 95 15 83 2 68 1 7 7 91 4 49 5 32 3 93 9 88 14 11 11 2 12 2 
0 941 2.0 15 5 22 6 39 11 25 2 25 1 84 3 49 9 68 10 18 15 20 13 7 7 93 14 93 12 64 4 56 8 61 
0 611 2.0 15 10 96 8 13 1 58 11 20 14 5 15 26 9 26 13 6 2 20 3 4 5 60 7 37 12 2 4 45 6 52 
0 581 2.0 15 2 49 9 36 1 25 13 28 6 46 12 23 3 35 5 8 8 67 15 45 10 46 7 13 11 4 4 16 14 6 
0 865 2.0 15 15 12 9 84 6 62 10 79 7 98 1 44 14 25 4 25 3 29 13 17 8 12 5 39 2 58 12 25 11 57 
0 908 2.0 15 6 3 13 43 9 4 15 87 1 64 2 36 11 80 4 22 10 20 5 59 8 26 3 45 14 39 7 99 12 72 
0 977 2.0 15 5 39 1 48 12 55 15 75 6 64 2 22 7 43 8 91 10 7 13 66 9 22 4 43 11 59 3 38 14 80 
0 1027 2.0 15 8 50 3 75 11 50 15 68 7 33 4 99 9 32 1 46 2 10 14 81 5 93 13 29 6 13 12 98 10 13 
0 893 2.0 15 9 60 7 14 6 54 3 11 8 98 4 4 1 56 14 17 15 18 10 28 2 85 11 57 13 82 12 99 5 4 
0 795 2.0 15 3 79 12 91 15 23 1 21 7 91 8 52 14 48 6 1 13 23 9 88 11 6 2 73 5 12 10 1 4 3 
0 952 1.0 15 10 36 13 40 8 39 9 14 12 80 15 24 6 49 11 27 14 89 2 4 3 68 1 77 5 98 7 14 4 74 
0 1014 1.0 15 13 61 11 48 1 56 14 8 5 76 9 25 4 43 2 67 8 10 10 92 7 67 15 33 12 51 3 45 6 98 
0 960 1.0 15 15 45 8 38 9 79 5 35 7 24 14 1 6 51 10 88 4 94 1 91 2 48 3 2 13 49 11 8 12 86 
0 887 1.0 15 15 44 7 6 4 31 12 49 2 11 3 44 11 98 6 81 9 42 10 98 13 77 8 9 5 55 14 29 1 9 
0 1309 1.0 15 13 47 4 87 1 50 12 40 5 85 3 86 8 18 2 48 7 91 11 94 9 98 6 86 14 56 15 75 10 46 
0 1081 1.0 15 3 44 8 53 1 99 5 95 6 32 11 33 14 68 2 22 12 49 4 96 10 8 13 87 9 78 15 6 7 62 
0 980 1.0 15 7 86 4 97 1 16 9 33 11 47 10 93 5 11 8 82 3 7 14 18 15 29 12 17 2 56 13 80 6 82 
0 807 1.0 15 9 17 3 9 6 17 11 65 7 88 8 37 1 53 12 40 2 35 10 24 5 71 15 52 4 30 14 81 13 2 
0 1101 1.0 15 6 65 12 90 4 38 13 97 8 96 7 14 3 85 1 73 14 95 10 87 15 10 2 18 5 17 11 4 9 58 
0 1123 1.0 15 4 69 12 64 6 77 7 3 2 75 3 99 11 74 9 56 14 29 15 96 13 83 10 64 5 19 1 18 8 38 
