50 20 1000 
0 1419 4.0 20 10 62 7 3 4 77 3 45 8 42 2 77 16 42 18 78 1 20 19 81 5 39 12 91 6 13 14 53 20 30 11 95 9 82 17 70 13 37 15 55 
0 1289 4.0 20 3 56 7 90 14 21 15 43 9 12 19 94 8 81 12 58 10 20 20 83 2 41 16 84 18 16 6 6 13 64 17 63 1 16 5 12 11 93 4 39 
0 1266 4.0 20 11 95 12 15 5 51 20 53 10 67 13 53 19 26 18 40 3 13 17 39 8 59 4 90 14 45 7 36 16 33 6 76 15 13 1 72 2 42 9 56 
0 1452 4.0 20 10 51 1 82 14 63 3 66 4 21 8 66 5 72 7 35 17 74 11 60 18 92 16 28 9 89 13 58 20 38 19 14 6 89 2 17 12 88 15 14 
0 1523 4.0 20 12 25 10 38 6 10 7 71 11 80 20 41 18 76 2 92 16 86 17 33 15 42 5 90 3 18 1 17 13 91 19 24 8 96 14 82 4 77 9 83 
0 1146 4.0 20 5 48 9 21 10 71 4 94 16 64 20 67 13 21 18 2 1 58 14 38 7 12 11 11 6 63 15 27 12 92 3 64 19 9 8 50 17 55 2 15 
0 1303 4.0 20 5 33 3 99 11 49 20 66 2 77 17 88 16 42 9 8 1 64 6 2 8 86 19 72 10 26 18 86 13 51 15 1 4 40 14 33 12 74 7 6 
0 1258 4.0 20 11 45 10 83 3 54 8 19 6 70 12 16 4 74 19 27 13 84 14 13 9 6 5 97 20 47 17 87 16 31 7 34 15 37 2 76 18 31 1 37 
0 1407 4.0 20 17 62 5 96 15 7 19 84 7 70 20 31 12 35 16 37 9 99 18 64 13 53 1 39 2 67 10 20 3 15 11 53 4 83 8 25 6 65 14 78 
0 1316 4.0 20 13 96 7 24 3 88 12 61 4 10 6 77 16 46 8 49 11 91 2 41 19 37 9 69 1 37 20 85 5 14 18 34 17 83 10 30 15 37 14 4 
0 1202 2.0 20 6 29 19 44 13 55 11 51 18 49 15 43 7 1 8 32 9 99 17 49 4 84 2 53 14 57 5 40 10 10 12 58 20 78 1 27 3 34 16 32 
0 1171 2.0 20 17 5 15 97 4 37 3 63 8 66 11 40 2 95 14 51 12 8 20 35 1 63 10 17 5 88 6 15 7 33 19 11 18 10 9 84 13 55 16 28 
0 846 2.0 20 7 20 1 7 10 23 6 24 15 11 19 38 4 56 9 73 12 22 3 29 5 12 17 86 13 1 20 23 14 6 16 45 18 70 8 25 2 1 11 79 
0 1186 2.0 20 2 58 11 62 15 55 8 79 1 55 7 27 6 77 19 13 13 53 3 31 14 11 16 81 17 7 12 94 10 11 18 84 5 5 20 67 4 19 9 24 
0 1283 2.0 20 9 74 4 26 20 90 14 73 19 28 6 16 17 30 7 69 12 43 8 48 11 67 3 91 1 3 13 1 18 93 15 52 16 41 5 31 2 54 10 57 
0 1379 2.0 20 10 58 7 1 5 92 1 83 19 99 15 64 3 7 20 22 4 29 6 48 18 70 8 69 14 60 2 51 17 59 12 19 9 25 13 67 11 67 16 71 
0 871 2.0 20 16 5 11 46 5 19 12 67 1 41 17 8 6 51 8 11 3 67 19 68 14 46 20 16 2 18 4 12 13 11 15 11 7 67 10 2 9 5 18 99 
0 1274 2.0 20 12 47 7 35 2 57 10 69 16 99 1 16 17 91 11 36 9 14 4 58 14 10 6 91 8 64 18 44 19 79 13 66 3 31 5 10 20 56 15 7 
0 1150 2.0 20 18 45 17 3 1 57 15 44 7 34 14 27 19 74 8 88 5 32 20 4 2 98 4 25 9 7 16 73 13 46 12 14 3 66 10 87 6 55 11 6 
0 1237 2.0 20 6 66 4 28 19 4 1 69 8 44 3 58 12 86 7 64 9 16 5 19 2 9 15 25 17 26 10 64 13 45 16 10 11 95 18 99 20 46 14 79 
0 851 2.0 20 20 30 14 9 13 37 3 85 12 69 19 22 18 23 16 97 7 50 17 36 11 12 10 10 8 43 2 1 4 33 5 7 15 15 9 45 1 28 6 3 
0 1346 2.0 20 15 44 7 59 8 92 2 31 14 69 12 53 3 63 4 94 13 74 5 53 1 67 9 24 17 9 18 31 6 84 11 50 20 19 19 78 10 3 16 39 
0 1272 2.0 20 16 46 13 11 6 59 10 27 2 79 14 86 15 51 8 47 5 22 7 16 12 24 1 80 4 5 17 57 18 79 20 42 11 46 3 99 9 49 19 54 
0 1128 2.0 20 15 18 4 37 1 18 19 76 20 30 9 88 5 69 10 19 14 29 12 41 13 58 11 8 7 37 2 17 8 23 16 94 18 92 3 1 17 79 6 34 
0 1423 2.0 20 19 29 17 85 11 91 2 43 5 65 3 6 20 69 10 4 9 94 13 72 1 76 6 83 14 21 7 45 18 10 8 84 4 50 12 74 16 39 15 55 
0 1597 2.0 20 6 67 18 76 11 91 5 69 1 13 10 72 19 98 9 16 12 79 4 38 17 76 16 70 20 30 8 85 15 93 13 39 14 3 2 39 7 88 3 87 
0 1320 2.0 20 10 90 19 78 20 61 5 61 1 34 9 4 18 52 13 59 14 20 11 29 17 6 15 60 2 93 7 95 3 55 12 12 4 92 8 22 16 2 6 91 
0 1553 2.0 20 17 63 1 85 13 76 9 72 2 40 14 42 11 4 4 66 20 63 7 81 10 8 19 61 5 33 3 98 8 94 16 98 6 35 18 90 15 59 12 27 
0 1146 2.0 20 5 95 13 5 15 91 8 1 19 52 18 87 1 56 7 83 2 54 10 15 9 55 12 10 20 20 4 73 11 59 14 30 3 14 17 6 6 48 16 28 
0 1539 2.0 20 5 3 4 93 9 12 2 66 18 19 10 85 15 66 12 96 6 74 16 73 11 21 17 62 19 91 14 97 3 61 1 62 7 95 20 13 8 33 13 62 
0 1441 2.0 20 7 54 8 68 12 44 13 4 6 62 20 86 10 85 19 42 11 55 2 69 9 67 18 71 4 79 1 66 14 1 15 12 5 66 3 94 17 41 16 43 
0 1288 2.0 20 19 23 16 25 18 21 13 15 17 64 20 6 11 96 9 68 15 58 10 75 4 66 2 57 7 85 12 56 3 24 1 34 8 64 6 1 14 82 5 71 
0 1418 2.0 20 4 42 17 97 20 65 14 51 12 1 10 16 13 74 5 54 6 87 16 38 3 48 11 54 15 44 9 51 1 48 18 74 7 82 8 59 2 46 19 60 
0 1225 2.0 20 6 60 3 50 14 86 18 7 17 10 13 12 12 50 9 67 10 65 2 41 4 47 11 59 16 43 20 1 15 97 19 67 8 81 7 34 5 27 1 39 
0 1310 2.0 20 3 7 15 52 8 81 1 58 12 4 19 53 7 86 11 32 17 54 5 38 10 71 20 43 13 58 2 56 16 63 14 73 9 54 4 56 18 34 6 35 
0 1313 2.0 20 10 99 19 31 18 90 12 67 16 73 17 74 7 69 20 29 2 92 3 86 11 90 6 72 15 5 13 21 14 11 5 3 4 3 9 29 8 27 1 39 
0 1232 2.0 20 5 75 15 71 19 89 8 31 7 39 14 70 6 5 10 60 1 13 4 32 12 22 13 1 3 56 18 53 2 84 11 47 16 91 20 85 17 14 9 10 
0 1417 2.0 20 6 56 9 94 18 47 10 81 11 21 17 84 14 98 8 5 3 76 7 6 19 62 20 40 16 58 1 18 15 97 5 89 13 18 12 48 2 44 4 48 
0 1163 2.0 20 19 45 9 55 10 13 4 15 17 96 11 19 12 18 5 5 18 62 1 76 13 61 2 14 7 22 16 23 8 3 20 80 3 92 15 86 14 87 6 23 
0 1184 2.0 20 2 10 12 70 16 5 8 38 17 42 5 64 4 99 1 28 14 30 11 82 7 92 10 64 15 36 6 56 3 11 9 78 18 2 13 18 20 32 19 54 
0 1445 1.0 20 12 88 7 82 14 27 10 53 8 42 1 53 16 6 17 80 9 55 5 95 13 83 6 66 15 11 11 69 2 89 3 79 19 50 18 7 4 31 20 46 
0 1258 1.0 20 14 30 16 6 4 64 19 33 15 41 2 35 12 92 17 65 9 54 8 68 10 52 1 13 5 6 7 36 13 75 18 59 3 41 11 97 20 24 6 77 
0 780 1.0 20 13 70 4 46 10 32 6 34 14 67 20 10 5 32 18 32 19 5 7 4 15 41 12 13 2 24 9 13 8 14 17 85 16 36 3 18 1 1 11 23 
0 1396 1.0 20 6 43 5 33 18 16 10 91 4 87 17 5 11 74 3 43 1 81 14 23 15 54 12 83 13 5 7 68 2 45 8 85 19 7 16 44 9 90 20 97 
0 1233 1.0 20 9 64 19 98 17 47 20 16 5 76 11 50 14 61 4 62 15 88 16 37 3 89 6 18 7 38 18 10 2 1 12 36 10 10 1 41 8 52 13 55 
0 1453 1.0 20 15 78 2 89 6 76 18 50 16 89 7 68 13 48 11 1 4 77 8 99 10 46 19 50 12 81 5 18 14 60 9 65 17 37 1 8 20 47 3 31 
0 1114 1.0 20 16 56 11 65 10 15 4 13 3 40 9 46 13 74 20 34 18 1 1 56 14 2 5 96 17 12 7 17 2 20 6 19 15 46 8 97 19 75 12 73 
0 1077 1.0 20 11 11 2 86 4 80 8 8 15 72 1 15 6 8 12 77 16 24 13 78 5 53 18 29 17 13 7 66 14 64 10 58 20 19 9 18 19 45 3 5 
0 1006 1.0 20 13 97 18 73 19 13 3 34 12 5 10 84 11 60 1 22 16 40 6 3 20 8 8 64 9 23 17 66 7 3 14 35 4 61 2 7 15 32 5 44 
0 1072 1.0 20 1 33 8 16 10 52 19 72 20 54 15 67 7 71 9 41 2 55 5 32 18 41 13 27 11 54 14 72 17 1 3 14 6 5 12 13 4 85 16 20 
