50 20 1000 
0 1375 4.0 20 8 32 16 13 12 32 6 51 10 74 17 73 1 48 9 13 2 6 5 59 15 33 19 18 14 85 11 13 4 57 20 82 7 71 3 32 18 75 13 50 
0 1231 4.0 20 16 6 1 64 3 34 6 60 13 49 18 3 11 59 5 47 12 15 2 77 19 24 4 78 10 71 15 19 20 65 9 88 7 23 17 2 8 32 14 5 
0 1216 4.0 20 16 69 12 26 9 30 18 90 4 43 8 17 13 23 14 62 3 17 17 4 5 18 20 70 10 19 15 15 1 17 6 84 2 54 19 17 11 55 7 81 
0 1384 4.0 20 7 23 17 7 2 49 8 94 12 75 6 56 15 92 5 58 18 32 3 88 20 39 4 59 19 13 11 14 10 49 1 53 14 18 16 13 9 56 13 35 
0 1393 4.0 20 14 11 9 59 3 77 1 20 20 60 12 33 10 16 11 13 8 72 2 35 18 36 13 92 7 31 15 92 17 53 5 89 16 70 19 21 6 37 4 12 
0 1579 4.0 20 10 69 6 55 15 23 18 81 13 43 12 62 4 17 1 95 14 39 11 29 19 21 2 95 9 62 8 41 17 74 16 75 20 7 7 99 3 58 5 8 
0 1675 4.0 20 16 11 13 84 5 17 3 87 15 45 6 68 17 10 19 10 12 14 9 86 8 90 11 94 14 9 18 76 1 75 20 62 2 61 7 23 4 96 10 99 
0 1534 4.0 20 11 88 1 84 19 41 2 81 17 4 8 6 9 72 4 98 14 70 7 27 16 9 10 45 20 51 12 84 15 92 13 41 3 20 5 19 6 62 18 29 
0 1407 4.0 20 8 52 15 25 1 6 7 91 13 12 2 79 12 26 20 80 9 6 6 16 4 84 19 33 3 13 11 64 14 61 17 41 5 77 10 31 16 74 18 67 
0 1203 4.0 20 1 60 8 95 6 20 9 99 15 30 2 48 5 11 16 55 13 7 3 55 4 17 10 79 11 18 7 59 19 22 12 26 17 35 20 1 14 25 18 40 
0 1680 2.0 20 7 21 11 14 15 63 8 63 12 89 1 19 20 84 16 85 5 26 10 78 6 53 17 98 9 23 3 84 2 53 4 47 19 2 14 98 18 58 13 62 
0 1414 2.0 20 13 17 5 52 2 12 16 60 20 21 17 10 18 18 12 30 7 57 3 65 14 31 9 18 19 95 4 88 1 41 6 92 15 75 8 18 11 87 10 56 
0 1476 2.0 20 2 36 6 6 11 93 5 57 10 28 3 9 17 93 20 18 8 38 15 53 4 88 12 99 18 11 13 86 14 75 9 87 16 16 19 29 1 9 7 53 
0 1239 2.0 20 19 70 3 59 8 33 18 8 15 80 16 8 5 58 4 97 12 96 20 47 10 36 6 29 13 1 7 13 9 17 2 34 17 34 11 34 1 65 14 7 
0 1366 2.0 20 6 62 16 33 12 45 15 4 13 20 14 14 19 24 10 84 20 58 3 90 17 95 7 46 5 60 4 11 2 29 1 39 8 24 9 22 18 93 11 58 
0 1483 2.0 20 17 30 20 49 1 93 13 82 19 67 16 25 2 63 8 99 15 5 10 93 12 72 14 13 6 17 3 73 5 5 18 39 7 20 9 27 11 50 4 67 
0 1774 2.0 20 11 99 20 22 17 94 8 70 7 69 5 41 16 46 4 88 14 87 12 11 9 55 18 51 19 56 2 32 15 29 3 6 10 97 6 54 1 92 13 84 
0 1599 2.0 20 2 92 4 29 18 58 19 91 6 18 12 15 15 22 10 79 17 18 13 95 20 14 14 66 3 47 5 70 1 90 7 60 9 79 8 6 11 60 16 57 
0 1417 2.0 20 9 8 12 64 16 97 3 20 4 17 11 2 19 65 7 92 6 29 18 27 13 62 20 49 8 95 17 5 10 93 2 38 1 82 5 41 15 43 14 16 
0 1360 2.0 20 11 15 19 11 9 33 14 83 16 78 20 32 5 19 10 52 7 86 17 20 1 8 6 22 3 42 18 80 2 61 13 76 12 15 8 86 15 15 4 73 
0 1798 2.0 20 14 48 13 28 8 37 7 12 16 61 17 89 12 31 3 90 10 92 20 52 19 99 18 51 15 48 6 98 1 99 2 47 5 98 4 17 9 32 11 70 
0 1353 2.0 20 13 78 3 32 2 66 6 34 4 58 15 6 9 93 18 19 11 97 14 42 10 27 12 22 20 16 19 92 8 41 5 87 7 32 1 49 16 1 17 10 
0 1791 2.0 20 19 99 6 57 18 77 2 48 13 33 15 59 8 51 11 91 7 75 20 24 5 15 10 16 1 56 17 80 12 42 16 69 4 73 9 86 14 85 3 58 
0 1488 2.0 20 20 72 16 61 5 26 8 62 9 15 10 44 7 3 1 7 11 78 4 56 19 90 14 84 2 34 18 13 17 95 3 61 12 52 15 76 13 22 6 41 
0 1509 2.0 20 6 24 16 16 17 13 10 88 18 92 2 17 8 27 14 23 7 10 1 88 19 88 12 43 13 70 5 74 11 84 20 5 15 36 4 71 9 68 3 69 
0 1434 2.0 20 18 58 9 70 6 26 1 59 14 19 17 87 3 55 2 12 20 49 19 41 15 87 5 52 4 85 13 39 16 38 8 21 11 49 7 16 10 8 12 85 
0 1426 2.0 20 13 48 15 40 20 65 3 92 6 11 10 29 18 68 8 70 4 21 1 49 19 42 2 67 14 40 17 6 9 39 11 29 12 41 5 82 7 93 16 19 
0 1450 2.0 20 6 54 4 66 11 18 2 54 15 85 12 42 17 35 13 55 1 58 5 33 20 52 18 28 7 31 8 97 14 51 9 14 3 99 19 50 10 14 16 31 
0 1315 2.0 20 4 77 7 11 14 61 19 44 3 20 20 39 6 21 16 80 12 3 2 44 15 13 18 73 11 96 5 69 17 5 9 2 10 73 1 74 8 30 13 42 
0 1905 2.0 20 15 93 12 85 1 73 13 76 18 33 2 93 20 98 8 84 16 83 14 54 19 15 5 17 4 33 3 82 9 52 11 72 10 37 6 95 7 45 17 50 
0 1512 2.0 20 8 82 7 47 20 93 13 41 5 23 1 98 9 12 15 52 10 78 11 11 2 2 16 25 12 2 18 39 6 79 19 96 3 33 4 81 14 74 17 40 
0 1497 2.0 20 7 66 15 36 6 12 1 88 4 83 18 4 13 84 17 68 10 27 3 65 14 90 2 73 9 1 5 44 8 27 12 96 20 73 16 12 19 27 11 22 
0 1405 2.0 20 17 1 9 41 5 53 2 29 14 75 1 17 12 53 18 83 13 62 4 93 16 5 20 94 19 25 15 65 7 68 3 44 10 16 8 48 6 58 11 7 
0 1275 2.0 20 10 9 1 15 17 42 11 32 20 51 4 74 5 58 6 26 13 51 7 25 18 9 2 52 3 87 8 23 12 70 19 58 16 14 15 49 9 51 14 54 
0 1519 2.0 20 10 85 6 14 2 8 9 8 3 50 1 94 12 11 15 87 20 44 5 35 8 69 19 62 11 35 16 55 13 77 18 92 14 89 17 20 7 65 4 13 
0 1636 2.0 20 11 80 12 79 15 32 8 35 14 67 16 44 10 37 6 7 2 93 3 73 5 6 17 77 4 77 20 84 9 12 19 48 1 51 18 73 13 89 7 27 
0 1452 2.0 20 13 65 17 1 10 29 4 60 14 55 19 47 2 69 6 88 11 62 8 22 18 44 3 3 9 56 5 75 12 80 1 1 16 65 7 76 20 4 15 66 
0 1290 2.0 20 1 3 19 6 17 61 10 62 14 54 2 85 11 26 8 4 4 27 6 54 13 84 3 3 7 2 5 12 20 44 16 89 12 81 9 16 18 79 15 68 
0 1648 2.0 20 4 15 12 34 19 70 13 90 16 47 18 72 1 25 20 57 5 20 14 80 17 88 8 44 10 78 3 79 7 53 15 42 11 64 6 84 9 15 2 42 
0 1660 2.0 20 14 29 7 54 17 11 11 93 2 2 10 86 1 81 8 23 19 99 9 49 4 98 12 78 16 14 6 25 3 74 15 94 18 91 13 32 5 5 20 69 
0 1671 1.0 20 4 23 7 94 13 61 16 39 15 8 8 71 11 93 14 72 18 55 17 95 2 12 3 60 5 82 1 46 9 82 19 7 6 55 12 38 10 86 20 35 
0 1633 1.0 20 7 45 3 56 20 10 6 49 13 77 10 43 11 8 12 66 17 31 18 74 14 93 1 49 2 57 19 23 5 26 15 97 9 94 4 71 8 23 16 97 
0 1525 1.0 20 4 56 20 90 19 71 11 50 5 29 6 63 1 1 18 69 10 97 14 85 17 42 2 20 13 20 9 3 8 43 7 86 15 97 16 22 3 52 12 21 
0 1561 1.0 20 9 81 17 12 10 71 8 39 11 99 16 70 4 35 5 84 19 22 18 47 7 64 20 98 3 7 15 12 2 75 6 64 13 86 14 27 1 38 12 10 
0 1392 1.0 20 10 35 5 6 8 91 13 16 7 46 14 79 16 55 18 96 2 86 6 45 12 43 3 5 15 95 4 14 20 30 9 4 1 38 11 91 19 9 17 44 
0 1165 1.0 20 5 20 2 65 8 18 20 21 18 13 1 74 10 44 19 39 17 97 11 24 4 33 13 14 3 43 15 17 7 80 16 73 14 39 12 6 6 14 9 43 
0 1072 1.0 20 16 61 3 83 20 46 15 71 17 25 10 8 2 81 14 60 11 14 19 30 18 10 6 1 1 61 5 53 12 20 8 19 4 15 9 12 13 10 7 35 
0 1321 1.0 20 17 36 15 8 11 78 13 32 14 93 8 31 9 11 10 41 19 12 18 10 6 49 5 19 20 99 12 73 3 95 1 38 7 83 4 11 2 25 16 37 
0 1639 1.0 20 12 37 15 90 1 80 7 26 3 42 10 34 16 67 6 59 13 81 11 74 17 17 4 41 8 27 5 72 20 37 19 82 14 78 18 76 9 59 2 14 
0 1636 1.0 20 14 47 8 1 12 10 1 88 2 38 20 83 10 83 18 99 9 1 13 28 19 61 3 62 15 76 17 43 4 29 5 83 16 97 11 60 7 29 6 73 
