50 20 1000 
0 1561 4.0 20 3 84 7 26 1 16 19 14 10 43 13 28 6 86 11 92 20 32 17 73 16 61 8 13 4 48 14 70 9 68 2 56 18 84 15 23 5 94 12 30 
0 1642 4.0 20 4 77 1 32 14 55 13 22 3 83 19 19 5 49 12 80 2 27 17 69 18 46 11 86 20 51 6 1 9 88 16 77 7 98 10 48 15 24 8 63 
0 1581 4.0 20 18 36 8 68 16 42 3 45 20 34 1 73 7 14 2 82 19 15 14 35 6 92 12 10 15 43 4 18 17 73 5 69 11 55 13 63 10 89 9 98 
0 1452 4.0 20 4 42 6 23 12 29 16 8 8 93 13 19 9 64 18 47 19 19 7 4 17 84 15 72 10 2 1 89 2 77 20 12 5 92 3 67 14 38 11 87 
0 1398 4.0 20 20 57 18 67 12 99 15 9 1 89 7 58 4 16 2 35 16 30 11 58 8 28 14 70 19 82 3 30 10 84 9 5 6 13 17 3 13 91 5 8 
0 1101 4.0 20 12 34 17 34 2 32 15 17 10 49 8 13 1 4 7 7 18 38 6 62 5 46 9 29 20 87 3 23 13 44 19 93 14 15 11 9 16 56 4 42 
0 1365 4.0 20 19 4 13 71 4 63 20 19 3 18 16 48 2 47 5 50 9 82 10 94 17 22 18 7 15 69 11 68 8 34 6 75 1 13 12 55 14 11 7 60 
0 1630 4.0 20 7 44 20 20 2 86 1 2 17 90 8 32 18 54 11 40 13 40 16 3 15 20 12 68 9 84 5 40 19 91 14 53 3 77 10 83 4 97 6 63 
0 1432 4.0 20 14 45 13 72 20 8 18 61 15 51 16 96 12 94 2 98 8 83 3 48 17 6 11 22 9 50 5 24 7 36 4 21 6 17 10 48 1 54 19 21 
0 1509 4.0 20 8 24 19 20 7 92 14 47 3 99 17 85 1 20 4 90 5 1 16 20 6 36 12 58 10 2 2 86 11 42 20 38 18 69 13 79 15 43 9 55 
0 1621 2.0 20 4 62 9 21 20 95 5 53 8 75 2 90 1 94 15 43 17 72 13 38 14 60 12 30 16 6 11 75 6 31 7 87 3 63 10 24 19 16 18 46 
0 1846 2.0 20 5 5 19 48 4 88 13 78 15 84 14 85 2 1 17 79 11 95 10 42 12 21 16 69 3 89 20 68 9 56 8 30 6 96 1 98 18 75 7 24 
0 1408 2.0 20 18 58 4 49 8 53 6 85 17 20 12 15 7 44 20 97 10 24 1 12 13 98 16 53 11 67 14 10 9 91 15 47 2 78 5 5 3 28 19 5 
0 1329 2.0 20 1 55 14 30 9 68 15 34 3 3 12 58 2 18 17 20 18 33 8 62 13 70 10 87 16 55 6 91 20 2 5 33 19 22 7 20 4 26 11 99 
0 1792 2.0 20 16 64 12 88 4 94 2 34 10 4 14 78 20 10 9 67 13 77 8 53 6 67 15 91 3 24 18 30 7 76 19 70 17 56 11 89 1 49 5 74 
0 1440 2.0 20 8 95 15 9 4 29 7 45 19 64 13 73 20 62 10 11 1 31 2 77 12 61 17 20 16 54 6 37 3 17 5 31 18 32 11 98 9 20 14 94 
0 1695 2.0 20 10 14 16 90 9 73 14 84 8 75 18 89 5 41 3 59 19 58 15 44 12 21 13 61 1 91 6 25 7 48 4 12 17 37 2 80 20 77 11 51 
0 1774 2.0 20 15 47 4 92 19 11 8 73 18 4 6 9 16 95 1 22 10 32 20 89 11 64 5 19 9 69 12 83 14 91 7 34 13 80 2 94 17 93 3 82 
0 1851 2.0 20 13 92 7 79 12 74 18 2 4 97 19 68 5 98 15 78 10 22 2 41 3 58 17 99 14 52 1 67 11 48 6 33 16 48 8 58 20 81 9 39 
0 1452 2.0 20 12 20 6 96 20 64 1 95 14 6 4 26 8 39 17 26 11 92 7 12 10 65 16 14 3 71 5 31 18 97 15 24 2 85 13 89 9 11 19 5 
0 1638 2.0 20 1 77 10 82 16 36 4 52 8 94 2 87 5 7 20 65 14 40 6 61 18 79 15 2 12 7 7 71 3 49 19 18 11 61 13 69 9 50 17 85 
0 1708 2.0 20 3 63 16 50 5 88 18 90 6 35 11 20 17 69 19 88 15 43 4 94 2 51 1 94 20 12 13 90 7 36 12 3 10 99 14 37 8 8 9 69 
0 1624 2.0 20 20 43 16 66 17 92 7 61 12 11 4 53 13 54 19 54 5 42 18 87 15 86 10 34 9 7 1 60 2 52 8 96 6 25 3 55 14 49 11 56 
0 2124 2.0 20 7 11 19 71 5 60 6 73 18 91 17 99 4 22 8 74 10 80 2 79 20 97 13 93 15 85 9 72 11 96 14 52 16 70 12 11 3 95 1 85 
0 1467 2.0 20 9 83 6 39 4 51 13 49 7 31 8 18 14 94 20 88 1 46 11 98 15 66 12 7 17 20 18 53 16 9 3 7 10 14 5 85 19 32 2 88 
0 1759 2.0 20 18 98 13 91 12 78 20 43 10 55 6 45 3 59 7 77 4 31 17 91 15 60 2 61 19 62 11 59 14 89 16 25 5 18 8 29 1 49 9 53 
0 1350 2.0 20 11 26 17 50 2 7 13 78 16 75 7 3 10 28 1 20 12 58 8 95 19 38 20 58 9 70 5 75 6 6 18 26 15 26 14 54 3 95 4 12 
0 1353 2.0 20 18 81 14 71 6 22 12 56 16 17 17 14 11 65 13 90 2 29 15 47 4 8 10 39 20 9 9 58 1 95 7 25 3 1 5 65 19 44 8 66 
0 1642 2.0 20 17 62 14 79 19 70 8 43 4 95 3 42 9 6 18 88 20 5 6 12 7 54 10 18 1 83 5 27 13 38 2 49 16 94 12 95 11 78 15 57 
0 1272 2.0 20 8 18 7 36 13 70 10 10 17 25 1 25 6 72 19 69 14 15 3 17 4 31 11 60 12 69 16 39 2 54 5 56 9 85 18 47 15 40 20 10 
0 1108 2.0 20 14 7 11 14 10 11 17 33 7 49 1 82 19 76 20 11 3 52 4 20 15 35 6 73 5 81 16 42 12 4 13 27 9 14 18 73 8 10 2 25 
0 1644 2.0 20 12 54 18 81 16 52 2 25 5 78 7 23 14 38 4 59 13 22 3 45 8 66 15 94 6 57 9 82 17 51 20 54 11 25 10 97 1 55 19 38 
0 1683 2.0 20 9 51 11 21 1 36 8 95 18 68 3 90 17 76 6 84 4 37 10 38 19 30 12 22 14 28 20 90 16 6 13 91 2 73 5 93 15 55 7 38 
0 1396 2.0 20 20 78 18 17 17 41 4 69 9 94 7 83 10 24 11 55 1 62 6 27 19 24 5 70 16 50 8 21 15 51 13 19 14 20 12 59 3 45 2 22 
0 1218 2.0 20 20 2 15 85 11 58 16 47 13 66 1 81 9 44 18 41 7 18 10 85 17 56 12 2 5 81 8 1 6 36 14 51 4 25 3 11 19 21 2 1 
0 1408 2.0 20 11 87 7 65 4 11 5 85 1 37 12 26 13 89 2 27 9 10 8 13 3 62 18 30 17 24 6 79 16 98 19 61 20 65 15 29 10 27 14 14 
0 1309 2.0 20 16 14 12 47 7 11 13 29 10 18 19 39 8 21 6 80 2 41 1 62 18 72 20 49 11 52 9 83 5 36 4 31 17 51 3 57 14 33 15 47 
0 1590 2.0 20 3 9 12 96 14 42 11 39 13 6 4 67 6 59 2 91 17 81 15 90 9 7 19 49 16 96 7 51 10 38 5 56 18 47 1 95 20 23 8 18 
0 1668 2.0 20 10 78 18 96 9 79 15 35 12 98 1 10 8 1 7 82 2 56 20 31 11 88 13 52 6 96 16 75 4 54 5 12 17 63 19 44 3 43 14 19 
0 1684 2.0 20 12 35 18 73 5 40 19 52 13 92 20 77 10 57 17 66 7 36 9 7 2 6 1 69 16 84 6 54 8 53 4 97 14 38 15 93 3 28 11 66 
0 1489 1.0 20 12 99 7 88 11 17 6 33 8 3 3 58 20 22 10 75 1 57 9 5 15 22 4 11 17 76 14 93 16 11 13 63 19 89 2 96 18 15 5 60 
0 1420 1.0 20 5 48 6 96 15 13 13 45 12 77 9 9 16 60 8 8 3 87 17 29 7 56 20 39 18 82 19 34 10 20 1 58 11 41 2 48 14 56 4 41 
0 1200 1.0 20 18 15 7 77 6 47 9 60 16 51 20 51 13 56 15 30 8 50 12 39 4 25 19 90 3 14 11 67 5 13 17 42 14 28 10 36 2 7 1 2 
0 1698 1.0 20 10 12 7 68 16 91 6 12 15 73 11 74 20 76 3 59 4 60 17 20 1 83 18 88 13 25 14 77 8 65 19 44 2 30 9 84 5 28 12 63 
0 1449 1.0 20 6 32 3 11 13 76 9 27 14 12 12 67 2 33 4 17 1 12 16 58 19 56 17 31 8 96 10 89 7 28 18 33 15 75 20 99 11 40 5 74 
0 1620 1.0 20 17 90 15 1 13 68 8 4 3 95 6 9 4 61 14 45 5 63 11 35 12 81 18 77 16 9 7 53 10 44 1 59 20 96 9 76 19 94 2 20 
0 1552 1.0 20 2 43 15 79 20 60 13 98 8 3 9 4 18 48 11 72 1 41 4 90 7 94 3 11 12 30 14 10 6 41 16 79 17 66 19 11 5 87 10 68 
0 1642 1.0 20 11 91 10 65 4 80 13 50 3 66 9 35 20 70 1 98 16 80 18 47 6 9 17 7 5 67 7 22 12 95 14 11 2 56 15 25 8 64 19 57 
0 1393 1.0 20 16 23 4 75 5 12 11 51 2 45 17 23 19 52 6 77 15 76 9 48 14 52 7 53 12 53 18 18 20 3 13 18 8 56 1 98 10 71 3 25 
0 1308 1.0 20 13 64 7 20 9 89 12 27 18 5 2 47 5 92 16 23 14 78 6 64 3 77 15 12 19 49 17 40 8 3 10 60 11 54 1 37 20 15 4 16 
