50 15 750 
0 1139 4.0 15 3 76 11 34 13 28 9 8 10 10 1 74 15 92 14 30 7 10 8 82 5 45 12 74 4 24 6 87 2 38 
0 1300 4.0 15 4 90 2 55 11 16 13 77 1 86 3 83 10 26 9 92 14 23 12 50 7 74 15 81 6 15 5 14 8 31 
0 1086 4.0 15 9 35 1 56 3 32 2 64 4 70 8 78 14 23 7 46 5 8 11 75 13 45 12 5 6 7 10 62 15 73 
0 956 4.0 15 11 74 5 13 2 78 7 88 13 32 4 26 6 8 12 2 15 27 3 29 14 62 10 48 9 25 1 78 8 8 
0 1404 4.0 15 3 95 2 68 15 65 9 93 12 68 14 75 13 54 7 2 6 60 4 99 8 13 5 3 10 66 1 57 11 60 
0 1313 4.0 15 12 43 13 84 10 7 8 70 15 43 7 37 3 42 2 92 5 70 1 91 4 30 9 5 11 57 14 70 6 80 
0 1057 4.0 15 1 83 9 97 13 12 2 19 6 50 5 18 8 41 15 66 11 24 3 98 12 11 10 21 14 29 4 6 7 86 
0 1398 4.0 15 4 86 8 4 14 94 10 52 13 22 9 76 11 81 12 47 5 92 3 95 1 15 6 33 2 85 7 38 15 54 
0 1368 4.0 15 14 80 13 56 10 54 7 87 4 22 15 93 3 36 9 83 11 99 12 27 5 15 2 7 6 69 8 77 1 50 
0 1216 4.0 15 10 43 11 49 9 13 13 27 14 94 12 91 2 79 6 80 3 13 8 81 15 34 7 19 4 67 1 3 5 67 
0 1171 2.0 15 8 63 4 56 3 77 9 17 7 17 11 51 6 3 2 9 14 7 1 63 13 87 12 66 15 92 5 64 10 60 
0 1441 2.0 15 9 33 13 86 2 35 3 69 15 32 5 86 11 26 6 98 7 95 10 31 1 11 14 82 12 85 8 71 4 61 
0 1188 2.0 15 10 81 14 86 4 1 15 18 6 16 3 94 12 84 1 11 7 18 9 41 5 72 13 15 11 50 8 79 2 77 
0 1308 2.0 15 13 67 4 41 6 99 9 29 8 62 14 80 7 39 2 1 15 21 1 38 12 68 3 88 5 88 11 95 10 2 
0 1523 2.0 15 7 76 5 80 2 42 6 65 4 4 10 62 1 50 8 93 15 74 12 76 11 10 9 76 14 55 13 95 3 94 
0 948 2.0 15 2 76 9 40 1 96 10 89 11 22 14 1 8 22 6 49 5 12 7 27 15 17 12 34 13 48 4 28 3 32 
0 1121 2.0 15 8 90 14 50 2 33 10 53 7 21 11 35 3 11 9 53 13 44 5 58 12 76 15 32 6 62 4 60 1 23 
0 1185 2.0 15 14 96 4 14 3 67 5 37 1 7 9 23 13 76 12 82 8 51 7 68 11 58 2 66 15 13 10 40 6 43 
0 1382 2.0 15 5 32 10 95 2 70 7 27 1 79 6 37 14 98 3 86 13 85 4 53 11 25 15 88 8 32 9 31 12 26 
0 1275 2.0 15 1 18 4 31 3 97 14 94 13 74 11 73 6 40 15 34 2 88 7 52 12 48 9 72 10 50 5 20 8 6 
0 1697 2.0 15 5 85 2 90 14 87 10 57 11 87 1 11 8 96 9 69 15 77 7 95 4 60 12 37 6 87 13 83 3 40 
0 1104 2.0 15 13 76 7 1 11 46 1 31 6 21 4 57 14 69 2 96 12 85 9 40 15 30 10 4 3 61 8 44 5 29 
0 1192 2.0 15 10 33 7 48 4 71 1 27 13 67 3 11 6 23 8 97 9 71 14 23 15 54 5 91 11 55 12 12 2 62 
0 934 2.0 15 1 65 4 19 9 6 14 45 12 94 13 4 15 46 8 52 10 93 7 14 11 49 2 70 3 1 5 3 6 23 
0 1006 2.0 15 3 14 6 3 1 34 13 13 14 46 10 79 4 82 12 76 11 14 9 6 5 27 8 34 7 65 2 51 15 85 
0 1211 2.0 15 14 8 3 41 5 74 7 9 13 42 10 98 8 65 2 94 12 24 4 83 9 21 15 75 6 26 11 30 1 67 
0 1286 2.0 15 1 86 12 96 9 60 5 6 8 78 7 87 14 5 2 26 6 48 4 81 10 64 11 20 3 44 15 91 13 12 
0 1172 2.0 15 11 75 6 24 1 27 10 14 2 33 14 17 4 93 8 5 5 5 7 89 13 53 9 66 15 85 12 51 3 96 
0 1201 2.0 15 2 31 9 63 5 21 11 37 14 68 4 78 13 48 1 66 15 86 10 18 7 77 12 22 8 31 3 87 6 18 
0 891 2.0 15 9 23 14 25 7 22 4 40 2 5 8 9 10 29 1 51 13 61 15 84 3 50 5 4 11 87 6 36 12 31 
0 952 2.0 15 5 16 4 81 13 18 2 73 14 26 1 19 7 54 9 44 15 92 3 8 8 6 10 89 12 2 11 46 6 21 
0 1163 2.0 15 1 57 9 48 2 31 8 57 15 11 6 79 5 68 11 99 10 44 13 71 7 59 3 13 14 10 4 48 12 32 
0 1275 2.0 15 4 42 7 34 13 93 12 63 1 13 3 38 6 93 2 34 15 66 9 62 14 39 5 68 10 43 11 72 8 37 
0 1182 2.0 15 6 86 5 11 15 33 8 85 1 9 9 33 14 80 3 92 13 59 10 21 2 65 7 19 12 96 11 17 4 33 
0 680 2.0 15 7 44 10 43 13 78 12 36 3 8 2 12 9 4 6 8 15 2 11 78 5 43 8 27 14 9 4 16 1 17 
0 1171 2.0 15 11 81 3 32 5 38 1 83 15 32 13 74 14 76 2 6 9 17 6 28 10 76 7 66 8 19 12 27 4 77 
0 1236 2.0 15 12 49 5 74 9 35 7 11 3 81 8 72 15 76 13 49 6 67 4 29 1 52 2 33 10 72 14 54 11 19 
0 1164 2.0 15 15 96 8 73 3 39 12 69 1 42 5 77 10 95 9 5 6 37 7 56 11 21 4 65 14 5 13 40 2 8 
0 896 2.0 15 1 11 15 44 12 32 5 43 3 10 7 5 6 62 14 15 13 92 2 79 11 30 8 29 9 21 10 58 4 29 
0 1264 2.0 15 3 22 6 83 14 55 9 95 12 42 13 42 7 62 5 12 10 82 11 52 15 41 8 40 1 86 2 28 4 48 
0 1296 1.0 15 2 64 10 68 5 14 6 70 3 63 1 33 14 82 8 55 7 17 12 51 4 96 13 27 9 79 11 63 15 28 
0 1550 1.0 15 7 89 5 80 12 98 9 54 11 75 8 97 6 40 14 62 4 98 2 38 13 70 3 39 10 23 15 12 1 94 
0 961 1.0 15 13 21 3 8 7 80 6 2 15 66 11 33 9 22 1 21 10 70 8 14 2 32 5 70 12 78 14 46 4 38 
0 1246 1.0 15 15 17 10 22 6 57 2 60 1 68 4 86 7 31 8 16 3 75 14 65 13 46 11 56 12 75 5 99 9 6 
0 1384 1.0 15 10 4 5 75 2 8 15 35 8 67 7 88 1 40 11 90 13 9 6 99 14 93 9 39 12 59 4 90 3 69 
0 1281 1.0 15 3 34 6 61 9 88 13 54 1 95 11 22 7 47 10 91 5 53 4 7 2 94 8 14 15 70 14 40 12 31 
0 1452 1.0 15 11 28 4 90 10 5 15 85 14 83 6 6 3 69 1 6 5 57 7 87 13 93 8 75 12 70 9 86 2 68 
0 1387 1.0 15 8 25 11 44 10 54 15 94 6 35 13 62 9 63 12 51 4 59 3 68 14 85 1 48 7 64 5 40 2 75 
0 1260 1.0 15 8 29 1 42 3 56 4 94 12 9 15 31 6 80 13 52 5 53 10 82 2 8 14 32 9 94 11 94 7 32 
0 1180 1.0 15 10 39 3 12 7 34 9 24 8 41 13 85 1 74 4 46 15 30 14 89 11 2 12 87 2 57 6 84 5 34 
