50 20 1000 
0 1107 4.0 20 5 8 4 41 19 4 18 52 13 47 14 67 15 65 7 18 8 73 12 10 2 70 6 66 17 64 9 53 10 34 16 28 11 74 1 40 20 8 3 30 
0 1227 4.0 20 14 37 6 91 15 97 19 6 2 48 20 90 12 32 7 12 4 93 8 15 3 33 9 5 5 2 11 11 16 96 13 16 18 82 10 49 1 48 17 81 
0 1076 4.0 20 6 11 4 70 19 4 16 92 12 18 20 41 13 77 2 5 7 49 18 94 5 32 14 67 15 2 1 16 10 21 9 69 11 89 8 32 3 6 17 33 
0 1366 4.0 20 14 87 10 3 7 82 1 44 8 16 9 54 2 9 4 49 16 28 11 70 6 85 19 34 3 53 17 37 5 59 20 66 12 41 13 96 18 84 15 54 
0 1277 4.0 20 2 1 12 31 20 73 19 35 1 81 9 84 5 34 8 53 6 73 3 30 7 63 14 76 16 62 17 14 10 30 18 31 11 89 15 28 13 92 4 3 
0 1131 4.0 20 6 64 10 46 7 81 14 38 9 46 18 69 11 10 20 27 19 36 5 94 15 53 12 31 4 15 13 59 3 31 17 6 16 1 2 28 1 43 8 92 
0 1089 4.0 20 9 27 1 78 5 10 16 19 3 89 15 91 19 42 17 13 12 75 18 2 7 36 8 14 6 59 4 14 14 9 10 34 11 3 2 85 20 44 13 94 
0 1350 4.0 20 6 8 14 90 2 38 7 23 18 69 9 34 1 13 8 62 11 38 17 74 16 67 13 45 3 62 20 32 15 86 19 59 12 84 10 66 5 37 4 52 
0 1255 4.0 20 17 45 16 30 19 23 3 7 15 92 1 72 13 34 7 63 4 68 12 36 10 75 18 10 20 27 14 89 6 31 9 88 8 46 2 36 5 71 11 23 
0 1556 4.0 20 19 72 13 36 10 5 6 98 12 38 7 99 20 92 15 92 2 63 5 20 18 42 17 77 4 71 9 3 14 80 16 95 11 84 3 32 8 32 1 66 
0 1118 2.0 20 3 63 4 15 14 66 1 16 10 51 8 26 20 24 18 78 9 54 2 66 15 51 19 30 7 37 17 72 6 77 16 11 13 33 11 30 5 36 12 24 
0 1405 2.0 20 8 78 15 75 17 35 6 10 20 81 9 1 2 28 4 58 12 80 1 61 18 52 16 74 3 17 10 11 19 64 14 69 11 27 13 92 7 79 5 89 
0 1024 2.0 20 11 25 18 19 12 53 10 36 20 53 2 27 16 8 5 23 19 86 15 31 8 2 17 95 13 53 3 29 6 35 1 28 14 1 9 71 7 57 4 56 
0 1393 2.0 20 9 11 3 56 18 64 20 45 11 96 15 94 14 48 17 79 13 48 12 58 7 32 19 58 4 13 10 95 6 39 1 21 5 18 8 83 2 45 16 69 
0 1328 2.0 20 11 88 12 25 8 9 19 83 18 12 15 79 17 41 2 89 10 93 9 46 3 24 13 41 4 59 20 56 16 19 6 12 5 34 1 80 14 81 7 51 
0 1339 2.0 20 6 22 12 49 10 73 19 59 13 48 9 76 3 78 15 69 2 66 16 27 8 73 7 46 17 42 1 53 5 62 11 39 20 15 18 4 4 76 14 53 
0 1596 2.0 20 13 96 8 91 17 71 6 60 7 60 16 60 18 44 1 18 14 82 9 90 20 77 11 93 3 24 5 6 19 77 15 56 10 82 4 15 2 85 12 41 
0 951 2.0 20 10 4 5 8 18 10 15 4 11 23 1 17 19 33 3 50 14 24 17 12 7 29 20 65 13 43 9 68 4 66 8 82 12 22 2 89 16 58 6 25 
0 1196 2.0 20 6 4 14 14 2 62 15 43 1 49 7 18 20 91 4 83 8 53 11 35 10 79 5 62 12 42 19 17 18 62 3 39 16 76 17 43 9 9 13 39 
0 1240 2.0 20 5 1 1 98 14 77 3 28 2 3 4 8 16 43 13 53 12 4 7 80 10 81 19 98 6 61 9 91 20 32 17 65 18 52 15 29 8 49 11 1 
0 1240 2.0 20 11 40 2 89 16 65 18 30 10 23 7 47 19 97 5 28 20 3 8 5 14 4 6 85 4 34 12 24 1 87 15 63 9 54 13 54 3 27 17 95 
0 1417 2.0 20 11 50 12 24 14 37 8 99 5 14 18 99 4 25 10 64 20 73 15 64 7 24 3 86 16 10 17 76 13 56 19 81 9 62 6 49 2 19 1 78 
0 1177 2.0 20 8 73 5 76 6 31 13 4 10 10 14 24 4 67 18 57 12 25 17 72 9 30 20 31 11 79 15 13 19 41 7 85 16 79 1 61 3 45 2 3 
0 1483 2.0 20 19 72 7 49 20 50 10 95 18 81 11 80 15 50 16 41 17 48 1 68 12 15 6 29 14 68 8 83 3 72 4 25 13 56 2 19 9 80 5 60 
0 1401 2.0 20 7 68 16 30 8 38 15 23 6 5 9 65 3 1 10 18 18 61 12 51 20 44 13 64 11 98 2 99 19 64 17 87 14 90 4 66 1 99 5 7 
0 1238 2.0 20 10 94 5 60 8 19 19 40 6 46 2 7 14 7 11 86 16 32 4 3 3 25 20 89 13 59 12 69 18 89 15 65 1 9 7 77 17 35 9 42 
0 1367 2.0 20 17 93 20 83 14 79 19 36 2 15 4 44 10 45 9 11 13 47 12 2 11 84 1 51 16 26 8 62 3 54 6 71 5 86 7 64 18 61 15 38 
0 1231 2.0 20 8 88 5 37 18 37 13 36 16 59 2 14 4 89 6 93 12 6 15 47 9 44 14 1 20 82 11 84 19 50 7 21 10 4 17 20 3 98 1 37 
0 1136 2.0 20 17 65 9 4 13 98 20 29 19 22 8 1 5 70 14 89 7 73 15 5 18 15 4 33 11 23 2 63 10 20 12 28 1 31 3 62 16 90 6 53 
0 1340 2.0 20 15 5 5 51 13 90 20 91 18 24 10 98 19 31 9 90 6 3 14 56 7 5 3 41 11 75 16 57 2 49 12 75 4 1 1 66 8 65 17 58 
0 1445 2.0 20 16 85 9 43 18 95 10 42 20 50 19 32 11 37 1 8 6 68 8 82 7 78 14 11 13 45 4 32 5 66 12 41 2 53 15 91 17 65 3 88 
0 1511 2.0 20 17 87 10 16 13 43 14 86 7 67 6 82 12 70 19 65 18 56 5 53 11 22 1 17 4 94 16 61 2 69 8 73 9 33 15 69 20 36 3 64 
0 1043 2.0 20 17 85 11 6 8 31 16 23 10 33 4 4 15 69 6 61 2 50 12 27 13 25 19 10 3 26 20 26 5 42 1 9 18 72 7 30 9 91 14 83 
0 1545 2.0 20 11 44 7 77 19 51 15 49 3 37 8 20 18 69 9 95 6 84 2 43 5 86 16 86 13 57 4 29 12 70 14 94 10 38 1 39 20 61 17 60 
0 1422 2.0 20 17 37 4 22 3 56 12 88 8 95 15 19 10 92 16 64 2 25 7 69 11 37 19 9 1 82 20 67 6 90 14 52 9 64 18 25 13 62 5 39 
0 1430 2.0 20 5 68 14 36 4 85 16 37 20 66 11 31 19 35 12 97 15 76 17 22 2 45 3 80 10 90 7 48 6 5 8 56 9 50 13 66 18 54 1 53 
0 1047 2.0 20 5 86 4 21 19 36 3 42 1 67 18 38 15 28 9 58 16 41 14 1 10 67 17 45 2 25 6 18 20 12 12 71 11 49 8 28 13 21 7 52 
0 1424 2.0 20 13 93 15 97 6 35 3 71 4 62 10 49 8 81 12 60 14 64 11 50 5 33 19 39 1 7 16 44 2 53 17 20 9 96 18 49 20 23 7 70 
0 1246 2.0 20 14 15 1 22 12 40 9 12 19 19 18 5 11 32 20 85 17 48 16 46 7 97 2 4 6 97 5 95 15 90 3 2 13 69 10 95 4 68 8 18 
0 1378 2.0 20 4 52 1 57 14 67 9 67 6 91 2 82 8 86 5 29 18 8 12 35 11 65 13 13 3 92 20 28 17 77 10 99 15 30 7 16 16 31 19 35 
0 1354 1.0 20 8 85 20 24 16 60 6 60 4 89 2 99 13 88 12 15 5 45 1 60 9 38 17 44 18 38 3 4 11 95 19 27 10 27 7 15 15 76 14 53 
0 1194 1.0 20 10 15 20 64 9 29 4 72 18 98 11 73 17 28 14 25 12 35 15 57 1 26 16 38 2 42 13 19 8 75 5 2 3 86 7 46 19 84 6 5 
0 1235 1.0 20 20 57 14 4 12 83 7 13 3 80 13 45 8 6 15 46 1 63 16 94 9 54 18 69 17 69 19 43 2 62 4 6 6 15 10 35 11 62 5 44 
0 1745 1.0 20 9 57 11 67 18 80 17 80 19 61 10 84 16 90 2 63 6 26 7 98 3 94 4 92 8 84 1 16 20 24 13 67 12 47 14 35 5 79 15 99 
0 1307 1.0 20 12 63 9 45 11 49 8 38 1 32 16 87 6 41 18 33 20 18 19 40 17 50 3 84 4 36 15 99 7 77 10 16 2 52 14 20 5 60 13 66 
0 1430 1.0 20 12 1 15 24 14 37 2 54 10 39 6 50 8 38 19 79 5 88 3 35 20 58 16 77 1 43 18 98 13 52 7 73 17 45 11 45 4 84 9 80 
0 1296 1.0 20 7 26 16 9 20 92 17 70 6 87 13 33 12 14 5 83 1 34 3 98 4 5 9 99 11 93 8 94 2 43 18 36 15 26 19 11 10 28 14 16 
0 1296 1.0 20 13 19 16 58 15 30 4 72 2 39 3 27 10 18 12 44 17 20 7 87 11 82 18 51 9 78 19 20 5 19 14 36 1 42 6 75 20 85 8 95 
0 1149 1.0 20 7 41 10 46 11 81 12 17 13 25 19 80 1 41 5 29 2 99 3 14 14 28 9 25 17 58 8 24 4 59 15 45 6 17 20 53 16 16 18 86 
0 1302 1.0 20 4 30 3 3 9 28 20 92 16 87 14 28 7 30 5 69 15 20 17 94 11 97 6 91 18 5 8 16 12 88 19 47 2 66 10 67 13 15 1 29 
