100 20 2000 
0 1210 4.0 20 11 63 18 84 19 3 3 53 1 1 20 35 16 20 6 43 5 43 10 85 15 23 2 21 14 10 4 77 8 83 17 27 9 35 12 18 13 44 7 39 
0 1719 4.0 20 7 97 11 48 1 63 4 76 18 18 10 9 20 75 6 36 5 72 13 79 15 99 19 94 8 46 9 16 16 33 12 42 14 65 3 98 17 30 2 50 
0 1647 4.0 20 6 64 2 48 16 93 5 47 14 81 12 31 10 54 7 89 20 22 9 63 1 58 13 25 11 64 18 82 17 61 3 64 19 38 4 17 15 27 8 70 
0 1617 4.0 20 11 32 20 72 15 42 1 83 3 2 13 33 14 29 5 90 12 35 6 91 9 26 16 85 8 72 17 19 2 95 7 5 10 39 4 75 19 83 18 70 
0 1561 4.0 20 13 90 15 76 17 27 2 88 12 59 5 95 8 51 14 22 16 79 9 30 19 10 18 91 10 74 11 4 3 36 7 98 20 54 6 33 1 2 4 22 
0 1354 4.0 20 14 71 15 99 11 22 12 64 2 30 3 11 16 94 5 14 4 83 7 47 18 48 20 45 19 39 13 7 17 32 1 2 9 93 6 40 10 14 8 48 
0 1491 4.0 20 2 80 11 46 17 4 8 45 4 64 3 19 13 85 18 39 6 78 7 62 19 69 10 65 16 82 1 75 12 40 14 15 9 68 5 11 15 44 20 3 
0 1948 4.0 20 10 95 14 89 11 98 15 75 5 27 13 74 3 20 19 57 1 53 12 94 8 17 4 78 20 21 2 99 18 31 9 99 17 86 6 20 7 80 16 86 
0 1261 4.0 20 3 21 4 52 7 56 16 22 14 19 6 84 12 96 19 57 5 31 8 39 1 13 11 6 10 58 18 32 13 41 2 47 15 13 20 30 9 44 17 80 
0 1357 4.0 20 1 71 6 31 16 17 4 53 19 85 8 48 15 52 10 34 17 39 20 84 3 2 7 31 12 57 13 63 14 1 5 57 2 30 9 61 11 72 18 17 
0 1782 4.0 20 15 14 19 98 14 44 3 10 9 53 11 72 20 65 16 49 10 21 4 84 2 94 18 99 6 61 5 64 17 29 13 98 7 55 12 71 8 43 1 64 
0 1482 4.0 20 12 14 17 74 16 57 5 81 10 40 11 7 8 85 6 32 3 35 9 34 14 41 15 79 13 80 7 1 20 95 2 25 1 43 19 19 4 98 18 48 
0 1360 4.0 20 9 42 20 71 6 9 13 26 11 3 16 3 4 31 5 3 14 40 10 21 18 69 2 89 17 94 3 94 15 59 1 9 7 71 12 53 19 45 8 75 
0 1341 4.0 20 6 72 11 86 15 22 8 71 4 22 14 8 17 73 12 15 16 90 7 40 18 1 13 4 5 81 9 10 2 83 1 32 10 89 19 4 20 53 3 38 
0 1465 4.0 20 3 52 4 45 16 43 15 9 20 90 8 40 12 26 5 52 17 22 11 9 18 34 10 94 13 69 2 28 6 29 9 62 1 63 7 99 19 97 14 14 
0 1854 4.0 20 19 81 13 50 10 9 18 27 15 91 3 53 4 93 17 64 16 23 8 42 14 77 5 50 1 84 9 13 12 90 20 84 2 81 7 60 6 92 11 72 
0 1329 4.0 20 17 87 13 4 5 56 19 40 4 55 18 29 8 31 3 29 14 39 6 38 10 94 20 40 15 88 11 1 1 3 9 46 12 36 2 44 7 92 16 34 
0 1938 4.0 20 7 62 8 95 9 69 16 29 3 45 4 77 12 34 19 59 1 90 5 83 10 83 18 72 20 98 14 53 13 84 11 94 17 71 2 49 15 17 6 28 
0 1351 4.0 20 9 66 7 24 18 74 13 73 16 77 6 75 1 66 4 14 17 21 8 8 10 1 14 39 11 76 5 14 15 70 12 20 2 20 19 66 20 23 3 74 
0 1405 4.0 20 10 54 6 35 1 58 7 72 4 98 12 62 14 68 16 87 2 21 8 67 15 9 3 12 18 45 9 36 17 43 19 3 13 28 20 24 5 70 11 45 
0 1431 2.0 20 16 78 8 28 7 60 10 69 19 87 4 34 1 70 20 2 17 83 11 94 13 22 12 62 5 37 3 48 9 20 15 5 18 13 2 75 14 40 6 27 
0 1812 2.0 20 10 92 12 78 11 84 4 97 14 77 18 84 3 58 1 85 13 40 9 56 2 55 7 63 5 43 8 36 20 52 16 43 17 2 15 9 19 74 6 80 
0 1252 2.0 20 10 53 19 85 15 79 20 79 1 26 9 4 12 19 11 11 13 11 4 71 8 6 17 67 18 26 6 3 16 10 2 74 7 60 5 77 3 34 14 40 
0 1330 2.0 20 1 23 12 34 3 1 2 83 13 95 6 19 15 44 5 40 17 22 11 58 18 72 10 18 4 23 9 16 14 91 8 37 16 25 7 4 20 92 19 90 
0 1498 2.0 20 10 93 8 28 1 48 3 30 2 90 12 23 4 73 15 21 20 29 13 23 14 44 5 94 18 28 19 81 11 53 7 87 6 68 16 1 9 39 17 46 
0 1468 2.0 20 17 90 16 58 19 7 10 86 9 88 5 64 14 9 7 78 13 74 11 42 12 93 4 15 6 32 1 77 2 42 18 27 20 9 3 3 15 69 8 16 
0 1494 2.0 20 20 44 11 60 6 21 4 87 3 65 1 8 14 65 19 42 9 31 5 43 7 50 8 54 16 41 10 79 18 80 15 89 17 18 2 45 12 57 13 17 
0 1647 2.0 20 4 53 20 89 17 59 9 68 5 58 18 58 12 74 3 46 11 54 14 76 8 66 16 3 2 79 7 75 1 13 19 85 6 52 15 27 10 61 13 2 
0 1396 2.0 20 5 74 8 28 17 29 12 82 10 3 7 31 15 73 4 47 19 16 11 54 20 63 1 27 14 11 2 79 3 41 9 65 16 76 13 61 6 43 18 28 
0 993 2.0 20 11 3 16 18 15 48 5 20 9 65 19 42 4 55 14 40 18 17 6 12 13 9 8 32 7 70 3 26 10 44 12 33 20 82 17 6 2 37 1 3 
0 1386 2.0 20 16 78 8 33 5 61 15 81 2 18 18 75 1 16 10 31 19 24 3 1 11 36 17 88 9 57 20 37 12 7 6 76 13 40 7 79 14 67 4 19 
0 1486 2.0 20 18 20 14 36 9 67 10 64 11 51 6 56 20 29 1 15 15 49 7 72 3 87 13 77 12 5 19 78 17 32 4 18 16 83 8 53 2 84 5 15 
0 1411 2.0 20 10 55 9 94 8 78 16 85 2 21 3 5 19 17 6 96 5 19 4 72 20 2 1 62 7 18 18 23 15 64 14 63 12 90 11 52 13 9 17 16 
0 1458 2.0 20 11 82 20 20 2 50 7 21 5 57 14 9 13 49 1 5 12 14 15 71 6 47 10 35 3 8 8 92 4 73 9 67 19 66 16 93 18 48 17 65 
0 1375 2.0 20 9 82 20 40 5 14 19 51 13 86 12 8 15 25 3 76 11 41 1 10 17 60 10 96 2 68 7 8 6 79 18 18 8 75 14 35 16 31 4 14 
0 1423 2.0 20 20 45 5 2 12 94 1 4 17 27 13 72 19 76 4 62 16 9 2 14 15 7 3 69 7 48 10 79 11 52 6 4 8 55 18 75 14 62 9 93 
0 1542 2.0 20 20 13 14 63 5 75 1 67 10 26 11 59 4 81 9 55 15 66 19 28 2 49 3 16 16 69 18 3 13 13 7 72 6 76 17 96 8 63 12 38 
0 1383 2.0 20 6 36 2 83 13 3 4 10 1 47 15 65 8 26 10 62 19 45 3 55 20 73 5 30 7 86 14 53 18 60 16 41 9 54 17 33 12 40 11 20 
0 1467 2.0 20 11 61 13 28 1 53 18 79 17 62 6 87 10 44 15 21 20 22 9 67 7 8 14 52 5 43 2 8 16 84 3 26 8 86 4 62 12 11 19 74 
0 1261 2.0 20 9 14 3 1 19 30 10 74 7 2 5 87 12 31 1 84 6 42 11 11 18 90 17 42 4 34 20 14 8 13 15 75 14 50 13 61 2 10 16 76 
0 1516 2.0 20 6 22 13 58 20 38 8 14 10 96 15 76 16 27 11 16 1 69 17 49 14 35 19 93 4 48 9 43 18 62 5 34 7 44 2 51 12 86 3 50 
0 1558 2.0 20 5 37 19 48 8 87 13 78 18 6 14 77 20 98 1 66 10 33 9 73 4 67 6 29 3 77 11 95 7 40 15 23 16 69 12 1 2 27 17 8 
0 1455 2.0 20 20 64 14 87 7 50 8 60 10 50 19 12 16 33 6 45 17 16 12 55 1 88 18 88 2 25 13 33 4 15 9 2 3 44 5 75 11 61 15 67 
0 1335 2.0 20 1 20 20 95 15 27 3 69 14 11 13 23 4 34 16 8 18 64 8 63 5 73 12 58 10 33 11 26 2 84 9 4 7 82 19 35 17 30 6 51 
0 1582 2.0 20 3 42 8 63 11 68 1 93 13 46 17 60 2 40 14 3 10 73 9 87 20 52 16 70 15 35 18 92 5 19 4 40 7 48 19 41 12 70 6 13 
0 1245 2.0 20 8 53 16 55 12 32 7 60 19 40 14 16 3 5 13 53 11 68 20 43 18 67 6 60 17 38 15 23 5 2 4 67 10 42 2 25 9 80 1 1 
0 1642 2.0 20 12 84 8 99 20 77 6 51 2 23 16 77 14 73 18 1 3 65 1 36 10 88 9 11 7 80 13 85 4 51 11 26 17 5 5 83 19 20 15 60 
0 1450 2.0 20 13 21 14 12 3 94 4 8 16 14 8 34 12 4 9 58 1 60 20 51 6 45 19 95 2 21 7 92 17 90 18 77 5 13 15 51 10 94 11 33 
0 1723 2.0 20 16 75 1 85 3 81 20 81 14 92 10 96 15 86 12 91 5 97 11 12 8 15 17 11 9 84 18 27 6 33 4 1 19 87 13 55 2 32 7 8 
0 1461 2.0 20 5 20 11 71 10 64 1 85 6 49 12 6 15 52 4 85 14 15 9 47 18 5 2 23 19 40 16 46 13 48 8 87 7 92 3 54 20 83 17 2 
0 1570 2.0 20 4 74 7 32 6 15 1 93 16 14 3 41 14 97 2 83 12 29 5 93 20 30 10 98 19 15 18 48 17 31 9 40 11 36 8 53 13 26 15 99 
0 1534 2.0 20 8 59 15 66 17 28 20 26 12 65 13 95 16 54 7 23 9 25 19 3 6 84 1 72 5 56 14 94 18 92 10 15 11 41 3 27 2 46 4 52 
0 1665 2.0 20 8 99 16 7 9 33 19 90 14 82 18 16 15 81 11 80 20 75 10 92 2 93 6 49 3 14 1 16 5 49 13 88 7 51 12 50 17 11 4 34 
0 1500 2.0 20 8 43 14 35 5 91 4 90 1 34 11 70 13 22 2 26 17 55 20 34 7 55 15 34 3 68 16 99 9 24 18 40 6 25 19 60 12 13 10 82 
0 1480 2.0 20 19 68 3 48 15 64 12 76 7 15 10 23 6 62 13 26 2 39 11 52 14 6 1 47 5 39 18 81 4 47 9 98 8 25 17 58 20 67 16 46 
0 1428 2.0 20 11 17 5 35 10 85 2 15 20 85 18 46 19 5 8 73 13 63 7 97 16 21 4 34 3 59 14 2 17 64 6 88 1 22 12 17 15 47 9 77 
0 1299 2.0 20 10 81 3 60 6 17 16 25 13 46 18 80 19 15 2 31 9 60 11 28 12 41 1 35 5 20 15 81 20 40 4 51 7 14 14 36 17 30 8 75 
0 1357 2.0 20 4 21 16 93 10 89 20 15 12 8 18 92 11 19 7 19 9 45 17 46 5 97 14 6 3 42 13 60 15 10 2 37 6 97 1 2 8 51 19 56 
0 1879 2.0 20 20 60 16 82 19 95 6 92 18 2 15 78 17 86 2 66 10 92 1 93 7 39 13 58 4 57 11 6 14 18 12 98 8 52 5 83 9 36 3 60 
0 1320 2.0 20 12 55 6 94 13 93 8 65 5 33 2 22 18 38 19 45 9 18 16 7 11 49 3 81 10 16 4 2 15 67 7 8 1 34 20 49 17 69 14 35 
0 1386 2.0 20 16 28 18 2 19 78 2 54 4 14 7 47 20 71 15 72 17 51 14 83 10 24 12 13 1 11 6 21 5 71 3 78 13 68 11 84 8 47 9 7 
0 1665 2.0 20 6 17 18 85 3 94 14 95 5 11 20 58 19 75 2 70 13 64 17 16 11 73 12 22 9 17 7 45 8 74 4 83 1 72 15 13 10 47 16 79 
0 1698 2.0 20 13 42 8 37 17 72 10 16 7 53 9 5 19 62 15 88 6 35 18 85 5 58 14 58 20 7 12 81 11 88 1 74 3 75 2 67 16 71 4 58 
0 1282 2.0 20 20 39 3 5 8 92 4 68 9 34 17 92 10 17 19 33 2 9 11 55 12 49 6 49 13 12 1 24 7 92 15 70 14 41 18 37 5 15 16 22 
0 1188 2.0 20 6 75 8 34 4 69 13 48 15 7 9 16 2 27 20 71 18 11 12 48 10 3 19 39 3 98 1 2 11 39 17 2 5 11 7 68 14 75 16 49 
0 1492 2.0 20 13 88 4 16 1 66 10 34 16 2 7 5 9 73 17 25 18 98 20 57 8 46 15 91 11 82 19 51 12 1 14 41 6 57 3 67 2 28 5 67 
0 1200 2.0 20 17 37 9 46 19 1 4 87 14 55 10 25 11 43 7 10 5 27 12 6 6 91 13 2 18 50 15 94 8 1 20 47 1 79 3 24 16 64 2 11 
0 1731 2.0 20 14 32 1 24 4 84 15 13 7 11 6 98 9 74 12 84 5 82 10 99 13 4 8 98 19 65 17 7 18 88 2 25 11 68 20 93 3 73 16 32 
0 1441 2.0 20 15 42 14 76 19 43 2 24 12 92 9 40 3 36 7 52 16 59 13 63 6 15 20 54 18 70 4 86 17 48 5 62 10 20 11 49 8 15 1 15 
0 1558 2.0 20 20 42 16 31 6 80 11 43 13 80 14 23 1 89 4 59 7 19 12 54 17 15 10 18 18 89 9 47 2 38 15 21 3 87 8 66 5 76 19 62 
0 1524 2.0 20 16 54 12 53 13 19 20 55 2 83 8 72 14 13 7 83 18 54 19 28 11 22 15 89 1 13 10 73 17 24 6 12 9 82 3 15 4 78 5 94 
0 1227 2.0 20 5 18 17 3 10 84 7 89 14 89 1 73 8 5 19 57 11 38 18 9 9 77 16 17 20 14 4 32 3 28 15 15 6 33 13 48 12 49 2 40 
0 1357 2.0 20 4 48 13 33 5 79 1 42 11 25 3 9 8 25 2 1 18 50 16 55 7 97 12 96 20 18 9 25 6 24 10 77 14 24 17 52 15 37 19 88 
0 1659 2.0 20 9 57 1 50 17 64 3 89 20 10 5 80 6 63 7 6 16 32 10 34 8 34 2 68 13 5 14 76 18 77 12 86 4 67 15 76 11 81 19 51 
0 1480 2.0 20 11 75 18 91 19 97 8 14 4 62 15 40 6 43 3 16 1 93 2 55 7 4 5 25 20 29 10 45 9 83 17 46 16 31 13 13 12 57 14 68 
0 1750 2.0 20 6 64 4 75 3 35 10 71 2 38 9 54 12 36 14 71 1 66 15 72 11 58 13 20 17 67 8 69 5 46 7 68 19 93 18 39 16 48 20 77 
0 1659 2.0 20 14 59 1 34 15 6 7 76 12 13 13 59 6 95 8 78 19 66 11 92 10 89 20 77 18 66 5 16 17 7 4 75 2 97 3 7 16 81 9 13 
0 1300 2.0 20 9 10 3 38 7 29 8 38 20 27 12 8 10 59 14 60 11 36 5 86 15 39 19 19 4 84 6 50 16 65 13 58 2 62 1 71 18 22 17 6 
0 1263 2.0 20 6 6 19 32 15 38 4 53 1 59 16 33 12 5 10 37 7 85 3 33 2 47 5 70 9 6 13 32 18 86 14 26 11 36 20 64 8 78 17 16 
0 1773 2.0 20 7 60 19 4 16 44 17 14 10 45 14 83 2 7 15 75 4 86 18 88 20 25 1 85 13 99 6 80 9 50 3 91 5 14 12 87 11 73 8 72 
0 1701 1.0 20 1 92 18 25 7 93 13 30 12 9 17 86 19 79 6 71 10 5 9 47 14 61 3 78 4 76 8 71 16 98 5 34 15 23 11 82 2 53 20 21 
0 1659 1.0 20 17 91 10 81 3 70 15 36 2 96 16 23 18 55 8 93 4 86 6 15 5 19 12 18 7 66 19 44 9 58 20 62 11 54 14 79 13 11 1 49 
0 1473 1.0 20 5 62 11 77 1 9 15 4 3 80 12 25 2 16 4 95 13 30 10 57 19 40 7 81 16 3 14 28 8 45 9 59 20 94 6 31 18 91 17 55 
0 1747 1.0 20 18 85 15 23 11 78 5 68 10 59 3 9 4 71 16 92 12 50 1 38 17 35 2 31 6 91 8 57 14 70 9 60 7 73 19 39 20 76 13 60 
0 1909 1.0 20 18 61 12 77 1 22 8 43 14 66 11 47 5 53 17 97 16 91 10 64 2 93 4 46 6 20 7 90 13 58 20 36 19 98 3 70 9 49 15 92 
0 1531 1.0 20 4 35 12 56 11 45 20 15 8 79 16 66 7 55 10 1 18 89 14 29 17 98 9 31 3 45 15 51 5 83 19 7 2 76 13 5 6 78 1 77 
0 1228 1.0 20 16 8 13 58 19 24 8 62 14 77 12 38 3 9 15 6 6 88 17 23 4 9 18 12 10 9 2 65 7 68 5 57 1 38 20 15 11 98 9 55 
0 1321 1.0 20 14 96 18 28 15 52 19 91 6 9 9 15 17 44 12 69 4 99 8 15 16 65 3 9 10 27 2 56 13 70 5 39 1 21 11 59 20 2 7 15 
0 1824 1.0 20 8 98 5 84 4 44 2 10 19 84 13 78 3 19 14 80 10 28 15 19 9 58 6 76 7 49 17 88 12 42 20 78 1 78 16 91 18 83 11 29 
0 1512 1.0 20 3 18 20 40 12 21 7 8 18 31 16 56 1 56 14 78 8 45 9 31 11 79 4 47 13 73 17 66 5 27 10 98 6 73 15 79 2 74 19 8 
0 1425 1.0 20 9 95 4 2 18 41 17 46 2 19 15 35 3 41 1 82 5 77 10 3 8 52 19 15 14 12 13 3 11 30 6 93 7 96 16 68 20 73 12 67 
0 1419 1.0 20 18 92 14 60 8 45 13 65 19 5 9 81 15 21 7 2 4 71 3 57 17 18 10 2 12 60 6 41 11 43 1 36 20 75 16 55 2 79 5 38 
0 1111 1.0 20 16 35 13 6 6 5 20 4 12 39 9 43 7 76 1 83 17 38 10 47 15 3 3 68 11 58 2 49 4 99 5 20 18 9 19 39 8 11 14 9 
0 1303 1.0 20 12 38 3 56 7 65 6 54 20 95 4 6 19 8 9 53 1 9 8 44 11 39 13 18 16 77 15 6 2 43 17 26 5 54 18 64 14 43 10 71 
0 1891 1.0 20 2 75 5 31 17 51 15 95 14 50 8 98 10 80 3 38 9 99 6 78 4 83 7 38 16 4 11 68 12 44 1 95 13 77 18 16 19 89 20 52 
0 1570 1.0 20 6 10 1 41 4 52 10 97 3 55 18 50 20 48 7 87 15 97 19 1 11 27 16 69 5 4 14 75 9 59 2 50 8 22 12 73 13 73 17 57 
0 1141 1.0 20 13 8 7 62 4 24 9 29 17 87 14 72 1 34 2 23 19 35 10 1 12 4 16 42 6 90 3 23 5 25 18 62 11 46 20 14 15 79 8 1 
0 1537 1.0 20 10 13 5 96 11 43 9 92 15 11 1 94 13 5 18 34 19 38 20 68 12 70 8 65 14 62 2 9 17 35 3 94 6 12 7 30 16 91 4 63 
0 1326 1.0 20 3 33 8 14 16 79 6 24 10 11 7 5 9 22 5 61 13 27 1 88 4 4 17 78 12 62 15 72 20 56 14 18 19 62 2 47 11 27 18 94 
0 1380 1.0 20 2 34 4 6 13 61 16 60 9 48 7 2 14 64 8 27 6 16 15 71 19 71 5 47 10 52 20 73 12 42 11 99 3 5 18 72 17 43 1 27 
