100 20 2000 
0 1489 4.0 20 17 83 19 46 6 63 14 19 13 28 10 87 11 91 1 61 18 14 5 84 3 9 12 91 9 24 7 28 8 60 16 26 4 11 15 6 20 4 2 96 
0 1811 4.0 20 7 70 10 72 18 45 11 50 2 1 8 46 12 67 14 43 1 75 6 44 15 62 5 91 9 99 4 96 13 34 19 60 20 96 3 19 16 10 17 52 
0 1852 4.0 20 4 94 14 42 9 82 19 39 10 33 3 48 16 42 17 32 5 69 2 93 15 65 11 74 13 47 7 3 18 31 20 55 1 81 8 91 6 71 12 66 
0 1600 4.0 20 11 49 5 20 14 37 19 95 20 24 13 6 10 65 18 34 4 63 8 50 9 12 7 64 15 56 3 31 12 37 2 93 16 89 17 32 1 96 6 47 
0 1756 4.0 20 4 35 20 15 10 66 5 89 19 72 16 47 3 58 11 34 17 61 18 50 1 17 7 31 2 80 6 84 12 13 8 43 9 96 13 73 15 37 14 97 
0 1622 4.0 20 2 56 8 64 14 15 17 78 18 35 6 71 9 85 5 63 13 36 20 91 7 48 4 26 19 14 1 55 12 5 15 62 3 57 11 94 16 53 10 6 
0 1404 4.0 20 11 97 7 18 15 12 20 65 17 77 5 69 13 27 18 78 4 34 9 59 2 2 16 22 14 77 19 51 10 6 3 25 8 6 6 49 12 7 1 97 
0 1483 4.0 20 2 83 15 27 14 34 13 98 20 41 8 43 16 22 17 4 18 45 1 19 11 44 12 62 7 79 3 12 9 31 5 60 19 34 4 93 10 95 6 1 
0 1536 4.0 20 10 39 6 74 12 94 17 68 4 77 19 10 9 29 8 60 18 13 5 38 11 44 3 64 20 61 7 95 2 73 1 37 14 37 13 2 16 13 15 32 
0 1665 4.0 20 11 12 6 60 7 43 13 12 2 40 5 78 8 66 12 25 14 76 20 28 3 68 4 59 18 10 16 77 15 87 9 93 10 45 19 44 17 95 1 23 
0 1830 4.0 20 19 55 5 61 17 62 3 49 20 62 9 94 13 2 1 93 4 35 11 82 2 63 10 25 14 84 18 61 16 60 7 95 12 42 8 19 6 1 15 99 
0 1820 4.0 20 16 13 12 55 9 31 18 34 13 70 3 95 1 86 6 33 4 64 20 10 17 97 15 11 10 79 11 53 7 87 2 5 8 97 5 78 14 82 19 58 
0 1620 4.0 20 20 68 9 25 14 8 13 48 2 86 6 26 15 66 16 96 17 27 4 77 1 20 5 5 11 10 3 64 19 66 12 57 18 74 10 96 7 11 8 83 
0 1481 4.0 20 5 33 7 44 10 21 16 31 2 12 13 19 1 85 15 16 11 79 19 98 18 20 14 18 3 21 9 77 17 18 4 45 12 58 8 49 6 94 20 88 
0 1907 4.0 20 19 71 20 36 14 83 9 48 15 23 18 84 1 18 10 95 11 26 17 94 3 60 6 28 5 81 16 71 8 75 4 63 12 40 13 65 2 34 7 97 
0 1820 4.0 20 6 13 17 50 2 15 19 85 1 23 14 57 7 93 13 84 5 74 16 55 10 94 15 13 4 99 18 10 9 59 11 60 20 95 12 76 8 69 3 14 
0 1323 4.0 20 15 44 18 64 20 29 6 69 11 96 2 23 5 27 3 4 12 13 7 8 8 59 9 29 16 3 13 79 1 14 14 45 4 59 10 85 17 2 19 75 
0 1704 4.0 20 2 40 6 33 7 11 18 61 13 16 9 85 20 95 15 83 10 82 5 94 12 37 14 50 16 61 17 82 11 36 8 6 19 14 4 2 1 99 3 78 
0 1360 4.0 20 7 73 10 48 5 8 17 34 4 80 16 67 12 47 6 13 11 99 8 10 3 31 1 65 18 65 9 26 19 3 14 47 2 68 20 11 13 12 15 43 
0 1243 4.0 20 11 64 13 45 4 18 7 24 15 9 3 39 18 98 12 51 6 28 10 18 9 34 8 2 16 18 5 24 19 82 1 36 20 48 2 51 17 2 14 86 
0 1544 2.0 20 10 68 12 72 16 54 3 29 18 85 11 11 5 36 15 35 19 8 7 47 9 70 4 56 17 32 8 97 14 27 2 32 20 77 1 50 13 15 6 64 
0 1908 2.0 20 4 57 18 4 20 87 9 45 13 72 12 84 2 64 7 13 15 33 8 93 1 20 19 31 3 69 16 96 11 59 5 87 17 82 10 91 14 91 6 15 
0 1710 2.0 20 9 40 16 98 19 95 11 96 14 28 8 91 4 65 17 31 1 12 15 25 2 11 3 11 5 69 18 77 12 52 6 17 13 44 10 42 20 76 7 89 
0 1678 2.0 20 12 86 1 26 7 77 2 59 8 54 10 17 11 9 15 37 13 29 16 37 14 42 9 26 20 84 6 98 3 53 5 50 19 75 18 37 4 93 17 60 
0 1566 2.0 20 11 49 3 67 14 35 12 64 10 10 5 17 4 1 6 6 19 82 20 75 7 32 2 41 16 26 9 93 18 74 1 90 13 33 17 35 15 99 8 50 
0 1446 2.0 20 19 35 2 71 10 57 4 46 13 11 7 44 11 86 14 53 18 4 6 1 1 22 5 2 12 40 3 82 16 60 17 91 8 3 20 45 9 79 15 72 
0 1566 2.0 20 13 55 17 56 3 96 9 29 10 28 20 8 7 29 1 26 4 78 8 27 15 29 11 82 2 31 16 58 6 1 12 83 18 55 19 81 14 28 5 99 
0 1832 2.0 20 2 71 5 42 9 23 16 55 3 59 15 97 7 86 19 20 14 86 13 32 11 57 17 63 1 18 10 95 8 39 4 90 18 3 20 37 6 87 12 85 
0 1409 2.0 20 13 60 17 44 18 77 2 22 5 75 12 4 1 6 16 68 10 6 4 19 9 82 6 95 14 36 11 48 3 7 20 88 7 54 19 2 15 75 8 13 
0 1672 2.0 20 7 7 11 77 3 77 19 13 6 97 4 22 14 21 12 88 5 90 8 95 18 11 13 30 20 61 9 11 10 39 1 48 2 88 17 58 15 23 16 89 
0 1576 2.0 20 18 56 9 65 17 5 5 89 15 99 12 60 14 73 8 56 13 68 4 63 11 48 2 70 10 51 16 7 3 8 6 7 7 43 1 18 20 18 19 81 
0 1502 2.0 20 4 52 6 15 5 75 2 66 16 92 17 66 18 16 13 96 8 72 15 35 12 26 14 21 19 69 11 86 20 15 7 60 1 6 10 61 9 2 3 8 
0 2083 2.0 20 12 92 4 84 18 16 17 27 11 77 2 82 15 67 19 74 1 81 5 92 14 75 6 92 13 50 9 83 8 43 7 42 3 49 16 51 10 36 20 89 
0 1457 2.0 20 12 42 4 97 9 2 10 70 3 59 16 57 1 30 13 23 8 49 15 20 14 68 5 10 11 61 18 84 7 15 17 58 19 28 2 61 6 67 20 10 
0 1555 2.0 20 7 29 16 57 15 26 20 79 14 71 2 15 18 46 4 74 17 6 13 97 3 51 11 3 9 63 19 79 1 85 5 86 10 43 8 22 12 1 6 39 
0 1556 2.0 20 2 82 15 35 17 20 9 49 3 97 4 15 7 34 19 92 13 23 6 60 11 13 8 52 20 38 5 34 14 68 1 97 18 1 12 18 16 73 10 72 
0 1433 2.0 20 12 4 7 86 16 2 5 24 4 42 3 70 17 55 20 45 13 49 6 96 19 78 15 73 8 1 2 48 9 17 14 53 11 15 18 48 1 86 10 4 
0 1668 2.0 20 17 87 15 40 10 55 13 7 7 33 3 44 6 78 2 21 12 48 9 92 4 60 16 69 14 32 19 75 20 89 11 72 5 62 18 7 8 50 1 22 
0 1596 2.0 20 1 74 8 52 7 82 14 25 17 24 6 93 16 74 13 58 15 83 5 2 9 12 4 76 10 97 20 1 3 11 19 29 2 57 11 41 12 29 18 78 
0 1699 2.0 20 6 32 4 83 3 80 1 89 14 99 5 25 17 5 7 29 10 77 11 41 8 6 16 77 9 71 20 21 19 14 13 73 15 61 12 26 18 54 2 99 
0 1532 2.0 20 15 19 14 40 4 68 11 4 5 99 6 72 20 18 16 45 17 33 10 41 8 38 1 75 2 61 13 8 19 73 9 80 3 73 18 64 7 33 12 14 
0 1379 2.0 20 15 77 20 61 6 21 12 82 8 77 4 24 10 96 2 35 5 11 3 23 16 77 7 86 13 8 18 5 1 43 14 12 19 34 9 31 11 44 17 15 
0 1526 2.0 20 12 51 8 63 20 19 5 14 4 5 14 50 18 18 17 4 15 84 3 50 2 41 13 39 9 98 6 67 7 31 1 59 10 69 16 91 11 67 19 34 
0 1972 2.0 20 5 92 16 57 9 73 20 80 2 57 14 77 19 83 3 97 18 47 1 95 6 84 12 9 7 56 4 51 8 32 15 11 17 67 10 46 13 50 11 69 
0 1480 2.0 20 13 40 9 1 14 51 12 33 2 75 18 63 20 62 15 54 1 36 5 17 8 59 7 96 11 68 10 44 4 57 16 89 6 50 19 9 17 11 3 10 
0 1732 2.0 20 19 45 2 99 20 92 3 8 6 77 9 15 18 80 5 13 12 50 10 30 15 66 13 9 8 77 1 72 17 26 7 96 14 85 4 58 16 43 11 42 
0 1652 2.0 20 13 56 11 28 2 81 4 20 16 12 14 14 3 47 9 83 10 64 12 44 19 42 20 68 6 95 8 17 5 55 17 62 18 69 1 71 7 93 15 12 
0 1793 2.0 20 8 17 7 26 13 98 11 49 9 78 15 36 10 87 2 96 17 32 6 23 1 56 12 84 4 21 5 69 20 98 18 9 14 75 19 78 16 32 3 57 
0 1742 2.0 20 9 33 6 82 19 69 18 32 8 61 16 49 2 61 11 98 15 81 14 61 4 19 7 63 13 46 20 81 17 22 1 80 5 43 12 20 10 57 3 31 
0 1912 2.0 20 6 97 14 65 5 83 20 61 8 35 13 85 11 98 3 56 10 21 15 96 18 20 2 79 12 70 16 38 7 31 17 57 19 33 4 83 1 58 9 29 
0 1539 2.0 20 8 37 12 23 14 32 20 94 10 86 7 44 3 6 5 61 15 22 13 15 19 42 18 67 4 36 1 83 17 52 11 49 16 5 9 85 6 63 2 60 
0 1524 2.0 20 6 99 3 95 5 66 19 61 8 5 15 6 14 57 17 3 9 37 20 87 18 27 16 11 12 28 10 61 13 93 4 74 2 5 11 42 1 45 7 51 
0 1620 2.0 20 8 18 11 44 20 4 14 65 10 82 13 97 17 28 2 62 6 36 15 96 7 76 19 59 18 51 9 16 3 89 1 39 4 55 12 10 16 24 5 62 
0 1512 2.0 20 1 78 2 8 4 9 19 4 15 48 11 48 6 77 10 65 5 71 7 4 13 18 12 93 16 70 9 41 8 27 14 85 18 62 20 20 17 27 3 90 
0 1264 2.0 20 8 57 5 1 13 14 18 11 20 38 14 74 2 6 7 72 4 16 11 11 1 25 6 5 16 86 3 83 9 5 15 41 17 52 12 39 10 80 19 74 
0 1736 2.0 20 6 76 17 47 14 33 9 31 19 61 4 78 16 27 13 68 18 34 15 99 2 44 8 64 10 13 11 45 5 55 7 19 20 99 12 34 1 84 3 74 
0 1323 2.0 20 18 38 8 79 15 6 13 8 4 12 10 72 6 4 9 4 1 8 11 55 12 23 2 77 7 52 17 55 5 54 16 30 14 84 20 79 3 66 19 21 
0 1641 2.0 20 6 59 15 31 8 83 10 57 11 67 13 17 16 70 20 23 19 14 14 54 9 10 2 24 1 79 18 67 7 77 5 90 3 7 4 94 17 34 12 69 
0 1440 2.0 20 2 36 10 7 9 27 12 16 14 16 6 10 4 60 8 78 7 80 15 7 18 37 19 76 11 31 17 36 1 26 13 63 16 78 3 78 20 92 5 46 
0 1553 2.0 20 20 71 17 60 11 74 18 29 15 27 14 57 5 83 4 5 6 12 7 68 3 96 9 25 12 50 16 85 10 23 2 1 8 77 1 74 19 21 13 33 
0 1572 2.0 20 17 24 15 21 7 94 18 4 10 3 5 4 4 56 6 23 3 70 16 42 12 68 8 98 19 48 13 48 2 9 9 98 1 64 14 69 11 56 20 84 
0 1924 2.0 20 8 99 16 52 4 52 13 72 10 95 18 10 14 94 11 51 12 77 2 13 15 82 17 61 7 68 1 39 3 60 20 43 6 94 9 28 5 36 19 77 
0 1816 2.0 20 20 4 11 45 5 11 10 16 14 98 6 94 17 20 13 99 3 89 2 63 18 35 8 72 4 88 16 22 19 72 12 71 15 69 9 50 1 77 7 40 
0 1432 2.0 20 2 67 11 90 4 46 18 10 12 19 1 24 6 36 7 38 16 73 10 74 17 33 3 17 15 9 19 15 5 95 8 33 13 46 9 85 20 34 14 51 
0 1627 2.0 20 13 9 12 8 14 97 8 64 5 64 18 96 16 33 7 26 10 88 19 67 15 20 2 18 17 67 20 51 6 77 1 43 3 77 4 83 9 9 11 20 
0 1664 2.0 20 20 43 1 21 17 51 11 35 14 11 19 30 5 89 15 48 18 70 12 62 16 56 8 94 3 12 9 25 10 83 2 21 13 91 7 80 6 43 4 75 
0 1484 2.0 20 10 13 11 35 9 43 7 80 4 53 20 11 8 97 2 29 19 83 18 6 14 73 1 10 15 55 12 32 3 49 17 50 13 22 5 86 16 20 6 81 
0 1452 2.0 20 14 55 5 22 3 91 20 63 4 15 10 5 9 96 13 53 15 68 19 5 11 59 1 18 6 87 12 76 18 19 17 92 2 18 8 17 7 20 16 29 
0 1225 2.0 20 1 8 17 2 8 32 4 12 14 55 19 27 18 9 11 60 16 44 15 86 13 66 7 52 10 35 5 21 20 76 2 50 6 58 9 25 3 26 12 22 
0 1918 2.0 20 20 18 1 94 6 83 17 51 7 91 19 74 14 9 12 29 3 93 16 75 13 62 5 46 4 68 11 77 2 34 8 65 15 73 10 73 9 40 18 44 
0 1619 2.0 20 7 53 2 17 4 56 20 38 13 63 17 65 11 38 5 65 8 48 16 59 9 40 19 33 6 15 14 86 10 66 18 38 12 95 15 80 3 47 1 10 
0 1668 2.0 20 5 40 10 68 9 53 15 69 6 22 1 97 11 49 2 71 3 82 7 78 8 3 20 17 19 20 13 52 18 8 16 5 12 99 4 64 14 85 17 61 
0 1457 2.0 20 5 94 2 12 7 38 11 68 14 48 13 33 20 8 1 42 4 81 6 54 15 67 16 63 9 45 12 44 8 11 19 48 3 25 10 26 18 56 17 48 
0 1342 2.0 20 7 59 11 38 6 83 1 43 19 8 10 29 20 56 17 54 9 34 16 41 12 51 4 89 15 83 2 13 3 61 5 13 14 33 13 5 18 36 8 10 
0 1632 2.0 20 10 94 1 42 14 54 17 41 9 78 16 80 5 53 2 98 7 10 15 86 20 19 19 72 18 24 3 96 13 6 11 14 4 27 6 19 8 19 12 88 
0 1803 2.0 20 19 63 15 34 4 66 9 80 7 61 1 12 13 30 10 31 17 40 12 94 20 92 11 89 8 58 5 49 14 29 16 93 18 1 3 56 2 50 6 99 
0 1539 2.0 20 16 97 19 72 15 27 5 38 7 72 14 90 9 91 18 51 10 9 2 14 17 67 8 65 1 4 13 13 4 84 11 1 6 20 12 73 3 12 20 62 
0 1296 2.0 20 2 82 11 84 1 45 13 46 10 5 7 25 14 31 9 60 3 12 12 32 20 21 15 50 5 77 4 36 16 86 8 34 19 11 18 12 17 60 6 1 
0 1692 2.0 20 1 41 5 22 16 20 11 76 2 45 6 60 9 97 17 82 20 33 3 59 15 48 12 58 10 95 19 45 14 21 4 85 13 82 18 50 8 18 7 21 
0 1560 2.0 20 11 21 6 66 18 31 4 15 5 92 8 11 14 34 17 46 1 28 20 96 15 72 3 79 7 85 2 78 12 31 10 76 16 25 13 2 19 20 9 67 
0 1476 1.0 20 6 77 7 39 19 71 14 83 12 70 10 47 11 32 15 11 3 26 8 1 2 75 1 17 18 77 5 98 9 5 16 10 20 11 17 33 13 73 4 67 
0 1408 1.0 20 19 16 10 39 7 29 13 27 11 70 4 52 14 11 2 26 8 62 15 19 18 99 1 38 12 95 5 13 20 3 17 44 9 30 16 46 3 72 6 89 
0 1801 1.0 20 1 65 11 97 18 23 13 38 15 57 4 73 2 33 17 11 8 9 5 96 10 4 12 78 19 38 7 54 14 63 20 98 3 86 6 58 16 49 9 96 
0 1771 1.0 20 15 95 13 86 4 58 12 46 11 51 17 99 2 59 3 4 1 33 6 6 18 50 9 49 7 62 20 69 8 37 16 65 10 12 5 56 14 88 19 82 
0 1515 1.0 20 4 61 15 53 12 33 14 5 9 38 19 63 8 35 1 74 20 56 5 54 17 73 10 17 16 61 11 49 3 4 13 76 18 11 6 64 7 70 2 50 
0 1513 1.0 20 9 17 5 35 18 73 16 28 1 81 12 18 14 95 7 26 13 93 4 32 3 3 8 39 6 13 2 97 10 94 17 53 19 11 20 80 15 30 11 28 
0 1689 1.0 20 4 1 19 98 20 32 8 56 16 39 3 29 15 33 13 82 11 57 6 17 1 39 18 77 14 73 9 12 5 91 10 67 12 72 17 94 7 14 2 73 
0 1337 1.0 20 2 36 4 48 19 66 8 23 17 52 1 92 10 90 14 1 13 1 7 39 5 49 12 25 9 4 15 16 3 74 20 36 6 51 18 61 11 16 16 56 
0 1524 1.0 20 1 90 12 21 17 99 15 29 5 49 2 13 8 94 6 26 3 20 18 73 11 21 16 28 19 54 9 3 4 97 20 43 13 48 10 55 7 20 14 70 
0 1547 1.0 20 17 64 19 6 12 72 4 74 18 25 6 43 5 8 20 20 16 80 14 89 8 6 1 44 15 2 2 6 9 54 7 51 13 41 3 98 10 90 11 94 
0 1908 1.0 20 17 91 9 59 16 27 7 65 12 45 14 22 6 97 10 53 13 72 11 47 4 98 1 49 19 76 2 86 18 82 20 52 15 62 3 48 8 37 5 25 
0 1403 1.0 20 20 97 1 28 4 87 15 56 12 96 11 14 10 78 5 5 17 29 9 14 13 73 8 52 14 2 3 34 7 19 19 16 18 21 6 79 16 71 2 6 
0 1544 1.0 20 13 93 17 14 9 82 1 81 6 55 5 54 11 51 14 61 3 22 20 28 15 3 19 35 12 22 16 46 7 80 4 66 2 92 18 2 10 17 8 61 
0 1483 1.0 20 5 53 2 2 17 51 14 65 11 75 15 14 13 13 8 51 9 18 12 79 16 25 18 52 10 49 4 43 1 49 7 83 20 36 6 54 3 43 19 72 
0 1582 1.0 20 4 1 1 32 18 66 7 52 6 90 13 8 14 33 19 72 20 80 15 40 5 38 10 98 3 71 8 98 17 14 12 35 2 23 11 22 16 23 9 93 
0 1560 1.0 20 3 49 20 16 10 85 15 9 4 61 2 21 1 86 17 14 7 81 8 59 16 34 18 59 12 19 14 85 19 29 13 67 5 46 6 90 9 42 11 23 
0 1537 1.0 20 17 25 19 84 8 4 18 53 2 91 11 1 9 26 13 19 3 98 12 97 1 5 15 24 10 76 5 28 6 18 7 81 16 70 14 84 4 11 20 66 
0 1368 1.0 20 14 5 16 6 10 81 13 49 8 30 1 77 17 44 20 2 3 73 2 78 9 15 11 38 12 39 7 88 19 72 5 69 15 30 4 6 18 46 6 7 
0 1680 1.0 20 10 41 6 14 15 85 8 1 4 69 5 9 20 43 17 88 18 44 13 85 7 80 2 50 12 3 14 31 9 74 11 88 16 85 3 3 1 72 19 85 
0 1512 1.0 20 12 78 5 50 9 76 13 48 4 38 3 84 11 21 14 57 17 72 19 8 18 55 1 56 2 23 10 4 6 57 16 56 20 58 7 27 15 66 8 11 
