100 20 2000 
0 1344 4.0 20 15 57 1 18 16 44 17 17 7 66 20 34 5 83 14 76 2 66 9 20 18 94 6 67 11 76 13 1 12 84 19 31 10 78 4 16 8 15 3 91 
0 1461 4.0 20 3 56 14 91 20 62 12 32 17 61 5 49 7 27 18 94 6 92 9 27 11 7 13 99 16 26 2 80 1 90 4 61 8 40 19 74 15 18 10 38 
0 1205 4.0 20 11 25 7 61 3 5 17 73 8 9 4 17 14 25 10 99 15 22 20 24 5 92 9 91 18 19 12 20 1 34 2 82 19 91 6 38 16 87 13 13 
0 1571 4.0 20 13 30 10 50 19 13 5 77 20 10 15 92 4 85 7 84 14 98 6 25 2 59 17 69 18 68 11 48 3 79 1 90 8 41 16 60 9 58 12 73 
0 1249 4.0 20 17 70 3 93 9 72 7 17 15 2 13 87 1 19 20 44 4 38 12 29 8 62 11 44 19 18 14 52 6 63 16 41 18 99 5 68 2 42 10 1 
0 1045 4.0 20 20 64 9 65 2 34 14 73 18 32 4 17 11 31 3 80 10 63 13 13 8 3 6 34 16 2 5 60 15 6 7 93 17 39 12 31 1 58 19 6 
0 1214 4.0 20 18 91 3 65 15 22 11 4 1 72 20 50 8 85 4 4 19 7 9 58 14 96 16 21 7 62 12 15 5 79 10 36 6 58 17 43 13 21 2 45 
0 1112 4.0 20 7 6 20 3 13 21 12 1 14 60 11 32 9 31 8 43 10 85 1 59 5 48 2 11 4 70 16 21 17 88 19 92 6 90 3 4 15 49 18 42 
0 968 4.0 20 15 89 17 99 7 84 1 69 20 35 6 22 10 42 19 13 3 5 4 33 18 15 9 22 11 16 2 12 13 22 16 26 12 52 8 11 14 39 5 39 
0 1339 4.0 20 14 1 6 67 17 70 5 74 7 52 20 35 16 83 2 2 10 57 15 24 8 58 12 78 9 65 18 44 3 95 13 5 1 47 11 69 4 66 19 38 
0 1303 4.0 20 11 65 6 71 2 34 3 6 7 88 19 96 10 80 12 87 9 56 13 15 4 62 18 75 14 61 8 3 15 56 16 67 5 6 20 37 1 34 17 4 
0 1311 4.0 20 8 23 6 43 18 28 11 78 4 77 9 55 15 27 5 80 14 42 7 51 17 54 1 9 13 85 19 93 3 77 12 31 20 76 16 43 2 29 10 8 
0 1320 4.0 20 20 55 6 49 4 22 1 21 9 57 8 25 3 2 2 87 10 74 16 94 18 7 17 85 11 46 5 75 19 91 13 39 15 21 7 17 12 66 14 83 
0 1071 4.0 20 20 42 5 8 17 25 18 42 8 39 6 12 3 11 16 73 10 25 9 63 2 65 19 57 7 77 11 49 1 18 15 1 13 84 4 58 12 67 14 8 
0 1201 4.0 20 4 30 1 26 9 35 15 40 6 34 17 1 20 88 5 92 3 53 12 58 13 32 18 70 10 11 16 24 14 64 8 50 2 68 7 99 19 38 11 11 
0 1534 4.0 20 6 38 18 93 3 50 11 69 7 78 10 62 16 70 1 45 12 7 4 87 5 77 8 87 9 86 2 66 20 35 17 42 14 82 19 55 15 28 13 23 
0 1348 4.0 20 11 82 5 99 16 98 14 50 10 49 15 22 2 9 3 52 4 21 17 38 1 50 20 74 12 58 8 44 9 5 19 53 18 61 7 21 6 89 13 62 
0 1084 4.0 20 3 12 9 60 8 27 12 74 1 60 18 8 5 26 14 3 20 30 13 6 4 46 16 63 17 67 6 17 11 75 19 57 10 51 7 52 15 13 2 87 
0 1275 4.0 20 20 68 10 23 4 6 17 20 11 74 18 30 13 14 14 46 3 49 16 67 7 34 5 47 9 83 19 45 6 43 1 75 8 41 2 81 12 80 15 55 
0 972 4.0 20 3 43 15 17 16 26 9 5 5 22 11 51 1 9 13 61 2 16 6 93 18 76 20 34 14 5 12 30 8 81 17 36 7 13 10 23 19 76 4 31 
0 1331 2.0 20 5 25 10 57 18 51 12 51 6 22 9 91 17 32 2 22 20 7 3 99 19 61 16 7 8 67 13 87 15 95 14 79 11 19 7 37 4 92 1 23 
0 1398 2.0 20 1 57 4 23 14 99 12 45 6 47 7 59 15 53 2 68 19 68 3 55 20 19 17 76 16 30 9 87 5 55 8 77 13 12 11 40 10 30 18 76 
0 1454 2.0 20 17 96 9 25 3 83 5 41 18 76 19 45 8 23 16 65 15 73 13 35 7 4 4 47 20 60 14 74 11 94 2 51 1 50 12 82 10 84 6 11 
0 1383 2.0 20 3 89 13 76 15 15 19 68 12 81 10 81 20 55 8 56 7 78 16 46 6 92 2 15 5 5 11 12 17 49 9 60 14 94 18 12 4 33 1 47 
0 1420 2.0 20 11 56 10 14 17 80 1 11 2 50 8 51 20 83 14 65 15 87 3 50 4 78 7 6 13 18 16 40 5 43 9 87 18 74 19 76 6 73 12 51 
0 1153 2.0 20 16 63 4 55 6 49 7 52 19 66 10 27 11 66 8 1 15 83 14 23 18 49 2 95 5 48 12 26 17 56 20 20 1 7 13 6 3 43 9 52 
0 1465 2.0 20 16 29 20 90 9 83 5 33 12 91 7 45 18 71 4 49 13 90 8 72 17 79 11 56 14 65 2 11 3 74 19 36 6 76 15 1 1 2 10 74 
0 1244 2.0 20 7 89 12 18 14 73 6 45 19 37 4 44 1 25 17 86 8 66 3 19 18 76 2 31 16 44 9 12 5 54 20 73 10 42 15 1 11 91 13 31 
0 1393 2.0 20 2 73 1 19 17 97 13 50 8 74 5 30 19 4 10 69 16 44 18 98 11 19 7 2 20 90 12 34 4 46 9 76 15 81 6 76 14 40 3 50 
0 1491 2.0 20 3 4 20 60 12 5 1 19 19 49 17 26 14 18 6 96 8 37 5 55 9 83 2 72 15 76 16 38 7 95 11 98 4 65 18 74 10 80 13 97 
0 1076 2.0 20 1 16 17 64 2 20 19 58 11 99 20 4 4 9 9 59 10 29 12 26 3 23 15 10 16 15 18 21 6 19 8 98 7 77 14 80 5 76 13 25 
0 1128 2.0 20 14 51 16 33 2 14 6 63 15 46 11 6 7 53 13 27 5 99 1 87 9 15 8 77 12 66 3 3 20 51 18 3 10 9 17 34 4 77 19 54 
0 1517 2.0 20 10 67 13 98 11 57 6 74 17 47 8 12 7 92 20 30 9 45 1 39 14 36 5 12 2 86 15 88 18 15 3 89 12 96 19 69 4 43 16 72 
0 1341 2.0 20 18 84 8 67 17 30 9 69 19 6 10 87 6 58 2 37 20 87 14 12 5 90 15 38 11 47 16 99 1 8 3 30 4 48 12 30 7 7 13 98 
0 1370 2.0 20 5 92 4 74 19 8 13 86 10 36 7 78 12 6 15 2 11 42 2 14 8 72 18 94 9 83 6 4 17 50 1 90 20 80 16 27 14 45 3 71 
0 1313 2.0 20 20 78 14 41 10 17 1 86 15 83 9 71 13 54 11 80 6 68 8 16 17 88 18 40 16 88 4 11 12 9 7 54 5 3 19 24 3 81 2 18 
0 1489 2.0 20 20 72 8 64 10 68 18 46 14 29 6 92 3 74 16 68 4 12 2 68 15 87 17 80 19 81 1 44 11 76 9 9 7 26 12 31 5 37 13 82 
0 1220 2.0 20 8 44 1 53 18 86 14 67 13 4 15 14 2 47 9 19 7 50 19 68 3 65 4 22 10 97 6 11 11 34 16 75 20 11 12 14 5 78 17 80 
0 1106 2.0 20 10 63 8 48 9 63 20 43 13 9 4 82 2 13 15 48 19 3 12 69 17 47 14 3 5 56 6 32 18 41 1 10 3 48 16 16 7 98 11 59 
0 1379 2.0 20 7 42 9 91 19 11 8 37 17 97 2 40 6 35 15 96 4 95 10 26 20 80 5 61 12 69 3 16 18 59 13 65 16 3 1 5 11 85 14 48 
0 1002 2.0 20 20 3 4 22 3 12 9 63 6 20 8 83 15 56 18 76 1 47 2 9 14 42 16 35 13 23 5 11 10 20 11 28 19 51 12 78 17 35 7 57 
0 1025 2.0 20 4 13 13 76 5 20 9 67 11 6 2 19 17 74 1 1 10 13 18 48 15 44 14 12 20 46 19 94 16 26 12 43 7 37 8 73 3 48 6 29 
0 916 2.0 20 14 25 13 49 1 51 6 36 9 50 19 15 8 66 2 17 4 43 5 53 17 3 12 47 11 12 16 74 10 8 20 65 18 29 15 8 3 18 7 36 
0 1142 2.0 20 5 33 17 14 4 95 20 48 8 68 2 24 1 87 12 43 6 10 7 40 11 32 9 43 18 66 10 42 14 29 13 20 3 28 19 39 16 77 15 41 
0 1426 2.0 20 5 73 16 66 17 67 9 67 10 72 18 63 6 81 12 84 19 7 1 52 15 9 7 9 11 35 3 11 4 37 14 55 13 96 8 84 20 97 2 32 
0 1236 2.0 20 16 67 6 28 17 85 13 58 2 51 18 41 1 64 19 40 11 54 20 31 9 47 15 16 12 43 14 59 3 67 10 33 5 15 4 91 8 9 7 52 
0 1229 2.0 20 6 29 5 62 16 23 10 60 3 68 8 20 20 20 15 32 9 50 17 9 12 22 13 56 1 94 18 27 7 41 14 77 4 19 19 54 2 87 11 96 
0 1049 2.0 20 4 69 15 66 6 86 14 43 16 52 1 39 5 27 9 63 20 5 17 70 8 2 7 10 18 2 13 13 2 44 11 92 12 71 3 14 10 4 19 35 
0 1335 2.0 20 3 65 18 78 8 26 1 29 15 76 9 20 2 64 13 33 19 91 14 47 11 89 7 49 16 50 5 41 4 61 6 22 10 99 20 32 17 12 12 43 
0 1394 2.0 20 19 78 8 84 15 81 3 62 2 42 20 11 7 65 9 83 12 75 14 12 11 46 16 46 4 61 1 98 13 49 5 35 18 39 6 27 10 23 17 56 
0 1380 2.0 20 3 49 6 37 9 37 20 95 8 91 16 68 5 8 17 18 14 54 7 23 13 94 19 62 18 66 15 3 1 21 11 62 12 72 4 28 10 91 2 83 
0 1151 2.0 20 6 21 15 73 19 45 14 22 16 89 1 4 13 4 8 1 9 71 7 44 2 35 4 99 3 49 11 19 10 25 20 77 12 14 5 90 17 19 18 85 
0 1258 2.0 20 11 76 16 8 10 68 15 13 12 98 9 88 8 50 2 17 4 73 18 18 19 22 1 63 6 73 5 56 17 61 20 25 3 71 13 15 14 50 7 23 
0 1245 2.0 20 14 1 15 99 10 64 12 51 20 77 7 12 5 26 8 27 6 31 13 23 1 90 19 65 18 16 9 91 3 47 2 35 17 39 4 9 11 64 16 91 
0 1202 2.0 20 12 5 19 42 20 3 18 15 15 74 10 45 5 34 17 49 9 45 7 54 1 86 3 28 8 6 16 77 13 76 14 59 6 63 2 21 11 50 4 93 
0 1141 2.0 20 19 26 6 94 5 33 1 20 15 27 2 83 13 55 20 93 4 41 17 62 12 6 8 33 18 47 14 84 9 25 3 5 10 8 11 14 16 26 7 96 
0 1248 2.0 20 6 90 18 99 15 19 11 74 9 15 7 82 19 55 10 91 1 53 14 8 2 19 3 9 20 60 5 10 8 5 12 37 17 95 4 19 13 63 16 57 
0 1236 2.0 20 10 40 8 19 14 3 17 44 4 30 20 84 15 49 7 22 6 15 12 93 2 8 19 90 5 48 13 87 9 34 1 42 3 78 11 76 16 82 18 7 
0 1186 2.0 20 2 47 1 4 6 35 20 15 11 32 3 64 8 75 10 63 9 97 5 51 19 65 15 41 18 46 12 64 13 21 7 50 17 3 4 40 16 35 14 65 
0 1266 2.0 20 4 89 7 23 2 9 8 7 10 8 15 77 11 94 1 82 6 32 14 93 20 4 5 73 13 94 18 66 9 82 17 28 3 38 19 44 12 26 16 5 
0 1697 2.0 20 11 30 2 68 9 69 19 57 5 82 7 75 14 10 13 37 8 35 1 95 10 86 15 25 4 62 12 81 17 75 20 59 3 96 6 84 16 81 18 99 
0 1261 2.0 20 18 91 5 61 17 44 8 11 11 21 15 14 20 62 13 16 9 36 2 51 16 56 4 77 14 79 12 53 1 37 7 48 3 28 19 61 10 52 6 72 
0 1298 2.0 20 15 51 17 18 20 9 14 6 11 53 9 72 1 48 12 72 5 64 7 49 3 57 8 42 4 80 19 92 18 9 16 6 10 84 13 58 2 50 6 79 
0 1080 2.0 20 3 67 9 16 20 5 6 30 13 12 4 11 12 26 14 74 10 36 18 23 8 50 5 13 7 59 1 37 16 79 15 68 17 20 11 66 2 87 19 52 
0 1253 2.0 20 15 52 2 4 13 6 3 27 1 35 6 46 10 82 8 2 18 59 17 71 11 84 5 15 9 40 14 77 12 78 19 2 16 62 7 72 20 79 4 71 
0 1176 2.0 20 2 76 16 25 19 40 9 15 17 83 11 39 15 66 8 79 13 78 14 30 3 18 6 29 10 56 20 27 1 44 12 78 7 1 5 69 4 34 18 18 
0 1437 2.0 20 2 51 20 89 6 99 5 54 16 99 7 76 15 11 9 92 13 4 4 25 19 66 14 41 12 92 1 36 3 55 17 32 11 47 8 1 18 45 10 91 
0 1097 2.0 20 5 81 16 87 18 28 7 15 17 43 6 4 11 67 8 12 19 95 13 4 20 66 10 59 15 34 14 9 1 25 4 2 9 6 3 87 12 85 2 35 
0 1197 2.0 20 3 6 15 11 6 50 12 84 13 62 8 94 17 2 10 97 14 52 19 4 20 92 4 44 9 51 7 23 5 80 11 35 18 16 16 46 2 5 1 67 
0 1610 2.0 20 7 62 15 97 9 52 6 99 12 83 19 53 3 57 5 8 2 69 16 37 14 72 10 95 4 61 17 76 20 72 13 54 8 15 1 91 18 50 11 36 
0 1211 2.0 20 19 43 6 33 1 24 16 84 4 29 5 32 2 30 18 42 10 79 8 58 15 46 17 7 9 89 7 71 12 91 3 9 13 70 20 40 14 33 11 22 
0 1274 2.0 20 1 31 2 23 4 36 19 37 14 80 9 6 18 57 5 86 3 52 6 1 17 95 7 68 8 87 20 18 10 56 16 28 13 66 11 88 12 45 15 20 
0 1469 2.0 20 20 68 2 14 4 43 16 90 9 44 14 21 15 28 19 97 12 98 3 48 13 95 18 84 17 70 10 38 5 92 11 56 6 55 7 53 1 15 8 21 
0 1532 2.0 20 6 91 2 56 10 97 1 46 17 18 11 64 8 94 12 99 19 81 5 62 16 56 4 53 15 98 13 32 9 51 20 24 3 26 7 81 18 24 14 26 
0 1209 2.0 20 7 99 2 46 20 22 4 25 10 12 18 28 11 29 3 87 13 36 1 38 16 42 9 35 12 30 19 57 8 85 15 97 14 2 17 49 6 83 5 28 
0 1541 2.0 20 1 13 6 93 5 59 3 3 4 51 16 74 11 84 20 83 12 74 18 89 14 70 15 45 17 59 7 54 9 1 19 60 10 78 8 59 13 46 2 91 
0 1379 2.0 20 2 47 13 35 8 25 18 54 11 50 17 31 5 72 9 84 7 69 14 90 15 55 19 64 6 89 16 10 1 51 12 81 4 58 3 47 10 36 20 13 
0 1430 2.0 20 9 82 14 84 4 25 11 16 7 91 19 78 20 78 6 48 5 72 15 47 16 60 2 36 12 27 1 42 8 34 18 35 3 85 10 33 17 70 13 57 
0 1404 2.0 20 13 4 14 97 16 59 9 96 11 31 5 72 2 46 4 47 1 56 10 64 8 51 3 77 17 73 20 67 12 81 15 2 6 78 7 22 19 48 18 9 
0 1389 2.0 20 10 90 17 21 9 81 2 42 13 63 6 98 16 84 19 29 8 54 5 91 4 75 15 90 3 1 14 89 11 6 1 42 12 2 18 12 20 33 7 66 
0 1658 1.0 20 5 80 10 88 17 57 13 30 20 94 6 95 16 58 4 89 1 47 2 17 18 24 11 98 19 62 7 91 3 49 12 65 8 34 9 91 14 94 15 13 
0 1229 1.0 20 11 41 9 94 15 9 10 95 3 77 4 87 5 90 1 86 19 21 2 13 17 60 18 36 7 22 8 71 16 18 13 15 6 32 20 14 14 11 12 54 
0 1255 1.0 20 3 47 15 18 2 93 1 57 6 74 20 2 16 58 5 69 8 10 13 41 4 80 14 3 11 72 7 60 10 34 9 60 18 34 17 32 12 33 19 89 
0 1290 1.0 20 10 88 5 31 20 27 13 88 19 48 7 27 15 5 4 49 9 8 12 67 14 23 6 48 17 24 8 89 16 73 18 76 11 87 1 55 2 17 3 63 
0 1180 1.0 20 13 10 1 83 11 87 20 46 15 31 18 79 19 28 4 15 6 31 17 83 7 42 8 40 9 43 10 60 3 5 2 62 5 48 14 28 16 13 12 74 
0 1430 1.0 20 10 73 7 77 1 94 13 16 4 89 5 48 20 93 18 25 6 76 11 4 15 70 8 66 2 31 14 63 3 70 19 91 9 39 12 67 16 3 17 5 
0 1402 1.0 20 19 62 6 93 14 38 1 65 11 81 9 45 17 56 8 69 13 77 15 4 18 8 16 66 12 16 4 6 7 76 3 79 2 24 20 96 5 80 10 38 
0 1697 1.0 20 18 95 5 26 19 84 2 96 8 91 17 63 14 48 7 39 20 28 6 48 15 83 16 74 11 84 12 2 13 76 1 45 4 98 10 70 9 88 3 68 
0 1331 1.0 20 4 10 18 96 6 66 10 79 20 94 19 8 1 19 16 9 9 8 14 74 12 1 2 30 13 93 5 91 3 11 11 57 17 76 7 75 15 87 8 40 
0 1658 1.0 20 8 17 14 98 11 75 18 57 15 1 1 61 3 72 17 82 19 60 20 87 4 94 6 49 12 64 5 83 10 42 13 63 16 29 7 67 9 99 2 76 
0 1228 1.0 20 2 6 6 92 1 9 14 60 5 24 7 20 4 78 13 46 8 16 15 52 17 78 9 30 12 3 16 63 18 13 10 68 3 73 11 55 19 94 20 65 
0 1358 1.0 20 14 21 13 93 4 18 15 34 6 82 20 51 17 49 11 70 3 51 1 58 16 57 9 80 7 45 18 69 8 50 2 94 5 10 12 2 19 71 10 40 
0 1418 1.0 20 17 17 19 78 12 56 5 76 9 36 18 26 4 87 15 74 8 35 2 39 14 32 11 82 1 84 13 95 3 41 7 43 10 50 16 41 20 46 6 53 
0 1345 1.0 20 13 67 9 62 5 71 7 12 1 23 16 81 20 65 6 40 10 59 2 66 4 78 11 21 3 48 17 69 19 4 14 95 8 68 18 36 12 19 15 51 
0 1508 1.0 20 18 97 15 84 7 87 9 95 12 26 14 14 20 72 13 24 8 86 5 6 17 45 3 29 16 19 19 92 4 80 2 11 1 52 10 77 11 89 6 75 
0 1079 1.0 20 15 20 19 85 14 48 8 70 5 31 16 14 4 81 12 21 20 57 6 98 11 9 3 23 2 16 1 46 17 44 7 16 9 41 18 17 13 80 10 13 
0 1666 1.0 20 8 68 17 30 6 86 14 54 19 80 20 78 12 16 2 89 5 71 9 97 4 80 10 69 16 38 3 77 1 3 11 30 13 61 15 82 7 88 18 85 
0 1573 1.0 20 18 97 3 46 9 49 5 77 20 27 1 96 15 82 10 63 19 21 14 83 6 51 7 77 13 80 8 88 4 7 17 97 12 73 2 58 16 36 11 2 
0 1385 1.0 20 11 44 9 91 20 2 3 94 12 81 6 51 16 88 10 43 5 20 1 79 13 47 2 62 18 66 19 41 4 24 8 60 14 12 7 3 15 77 17 81 
0 1469 1.0 20 14 43 16 65 5 68 13 61 2 69 18 26 19 47 4 87 3 53 7 81 8 59 17 81 12 80 6 63 15 31 1 21 9 46 10 3 11 82 20 64 
