100 20 2000 
0 1173 4.0 20 4 1 11 32 17 15 20 15 8 72 2 41 13 49 3 17 16 12 6 39 1 66 18 64 10 10 14 24 15 60 19 76 7 72 9 47 12 99 5 92 
0 1567 4.0 20 3 28 19 62 10 64 17 95 15 94 1 86 4 87 7 11 6 46 5 64 16 86 13 76 9 11 2 32 11 44 18 31 12 77 20 99 8 16 14 97 
0 1179 4.0 20 8 78 3 28 12 2 15 3 1 88 13 69 14 34 4 99 9 33 2 70 19 18 17 22 6 41 18 20 16 21 10 44 5 66 11 18 20 73 7 80 
0 1259 4.0 20 2 20 19 22 13 76 7 43 9 60 6 91 20 88 12 26 10 12 4 8 3 65 14 39 18 49 5 83 11 30 1 78 16 21 15 96 8 6 17 56 
0 1567 4.0 20 7 56 13 52 9 73 11 20 12 76 20 73 3 21 4 21 5 40 19 69 17 19 6 93 1 92 16 74 14 88 18 74 8 95 10 43 2 50 15 77 
0 1211 4.0 20 5 79 8 57 18 70 6 34 17 28 16 28 13 84 12 40 1 6 7 53 20 42 3 99 4 7 19 18 2 23 10 12 15 87 11 86 14 13 9 66 
0 1443 4.0 20 4 67 17 2 20 69 7 87 11 56 18 22 5 24 16 67 2 60 1 7 10 2 9 71 3 63 13 63 6 99 19 79 8 84 15 7 12 97 14 84 
0 1557 4.0 20 13 19 20 98 6 65 5 56 9 21 16 81 10 91 3 52 17 86 11 64 2 2 14 6 8 81 12 81 18 5 15 84 19 88 4 70 7 76 1 72 
0 1337 4.0 20 4 73 5 73 14 24 9 26 20 22 19 53 15 94 6 81 13 25 16 57 11 47 2 86 10 79 7 92 12 45 1 17 18 3 17 12 8 60 3 60 
0 1401 4.0 20 14 66 19 71 20 69 18 77 17 95 10 30 7 45 15 46 9 35 1 33 13 95 2 20 12 30 11 50 16 92 4 97 5 99 3 2 6 2 8 24 
0 1465 4.0 20 20 91 5 85 18 16 4 91 16 40 19 59 12 64 1 30 11 62 8 94 7 67 15 75 13 22 6 46 9 97 17 40 3 9 14 38 10 7 2 94 
0 1313 4.0 20 3 99 11 82 14 94 9 20 12 41 13 85 10 21 5 80 17 53 7 50 16 73 2 37 15 89 20 60 1 30 6 5 4 10 8 12 18 40 19 29 
0 1404 4.0 20 8 34 18 27 12 75 5 74 3 82 13 9 16 75 10 87 19 81 17 12 9 12 15 26 11 18 6 89 20 84 1 87 7 14 2 93 14 20 4 81 
0 1389 4.0 20 12 93 2 48 7 61 3 57 8 89 18 62 11 51 6 89 17 43 5 9 14 73 20 24 4 17 9 73 1 12 16 76 19 72 13 11 15 34 10 75 
0 1244 4.0 20 19 7 8 62 12 2 4 28 10 73 2 57 13 51 5 75 14 86 6 25 15 98 18 63 9 41 3 64 16 24 7 62 1 40 17 21 11 34 20 44 
0 1379 4.0 20 5 71 2 44 7 66 19 93 1 61 14 66 4 42 8 51 16 32 6 52 9 31 12 30 13 63 11 29 3 90 20 75 18 94 10 9 17 40 15 22 
0 991 4.0 20 12 14 5 46 11 10 6 52 15 7 9 1 7 13 1 77 10 37 3 63 16 37 20 59 14 33 4 30 2 78 18 38 8 77 19 12 17 46 13 33 
0 1207 4.0 20 18 72 4 71 2 84 16 10 14 95 7 24 13 18 20 56 8 3 17 49 12 77 11 19 1 70 5 24 3 50 19 19 6 60 15 45 9 77 10 6 
0 1210 4.0 20 15 11 16 20 13 12 20 61 18 99 19 29 11 38 2 76 7 48 14 56 4 98 10 80 5 52 1 30 12 23 17 59 8 66 3 4 9 43 6 26 
0 1430 4.0 20 6 80 3 71 5 50 11 69 20 27 1 54 4 4 19 60 2 93 8 1 17 76 13 11 12 88 15 87 10 42 16 73 18 87 14 40 9 15 7 72 
0 1496 2.0 20 19 79 2 4 15 8 12 65 20 72 17 70 10 69 18 99 4 1 16 73 1 57 14 52 11 80 8 85 13 58 6 8 7 31 5 91 3 89 9 60 
0 1229 2.0 20 11 88 3 39 20 70 7 65 1 78 16 9 19 65 6 54 14 96 15 14 13 46 18 51 8 64 12 55 2 56 17 6 5 2 10 15 9 53 4 20 
0 1513 2.0 20 5 57 15 39 18 78 17 71 16 91 4 57 6 73 8 36 12 81 20 92 19 59 10 8 14 24 13 48 3 88 1 69 7 49 9 55 11 7 2 82 
0 1402 2.0 20 13 31 9 56 4 97 15 98 19 18 20 55 16 69 7 33 12 73 14 4 17 44 1 97 2 76 11 21 6 39 3 73 18 85 8 30 10 65 5 15 
0 1422 2.0 20 9 2 17 76 18 94 13 62 2 28 15 91 3 37 7 62 8 49 4 34 11 71 19 65 14 56 1 78 6 10 20 52 16 43 12 92 10 34 5 58 
0 1066 2.0 20 9 28 14 79 10 40 1 44 11 33 20 2 5 85 19 53 18 19 8 71 3 16 16 8 13 38 12 52 4 98 2 30 6 15 15 5 7 16 17 88 
0 1292 2.0 20 3 89 2 36 20 2 16 42 9 74 12 89 6 69 17 13 8 14 13 83 1 46 19 78 18 69 14 48 11 64 10 64 15 2 4 34 7 38 5 40 
0 1430 2.0 20 14 30 5 92 19 48 12 93 13 74 16 71 4 85 15 25 6 98 9 71 11 1 10 83 1 8 17 73 7 44 2 26 18 38 20 68 3 9 8 63 
0 1232 2.0 20 20 45 17 77 18 11 19 49 13 54 4 93 7 42 9 43 16 57 10 17 8 61 5 9 2 65 14 32 6 28 3 53 12 63 15 17 1 66 11 66 
0 1378 2.0 20 8 57 6 4 14 30 13 33 10 99 20 4 2 51 1 42 15 76 11 44 18 16 9 90 7 89 16 91 3 61 4 81 12 86 17 92 5 7 19 7 
0 1229 2.0 20 19 33 2 58 9 22 6 22 14 63 13 7 8 22 12 78 20 84 5 95 11 83 3 7 17 66 4 35 15 9 1 29 7 43 18 88 10 95 16 7 
0 1160 2.0 20 9 88 13 52 18 18 8 46 12 8 15 5 11 76 2 20 6 19 19 71 1 30 10 22 16 57 14 53 4 91 7 68 20 8 17 47 3 81 5 33 
0 1007 2.0 20 16 48 14 53 15 34 3 61 11 23 10 11 13 5 20 81 1 30 6 25 9 13 18 68 2 9 17 38 19 6 4 99 12 18 5 19 8 53 7 81 
0 1552 2.0 20 19 50 8 3 6 61 16 88 13 98 7 56 5 92 1 87 14 34 12 29 18 89 10 80 9 96 17 26 4 41 11 97 20 66 2 49 3 19 15 33 
0 1258 2.0 20 20 59 5 66 8 26 18 8 15 41 4 63 13 69 9 64 7 58 19 2 10 92 11 26 3 13 12 40 2 88 17 34 1 8 14 45 6 94 16 72 
0 1537 2.0 20 12 46 5 95 8 36 3 26 16 79 4 76 1 37 9 73 13 41 11 94 6 82 17 36 20 48 7 96 14 73 19 79 18 30 2 15 15 87 10 34 
0 1576 2.0 20 18 30 6 17 12 94 11 82 4 44 19 78 7 97 1 99 16 82 14 87 17 56 15 87 20 42 10 52 13 87 8 15 5 1 9 2 3 90 2 71 
0 1101 2.0 20 5 40 9 13 19 6 14 43 4 46 8 84 16 66 7 14 1 66 17 16 20 94 13 63 10 16 12 36 18 40 11 49 6 53 3 34 2 60 15 8 
0 1385 2.0 20 4 1 9 40 7 59 12 83 13 69 16 76 5 38 18 46 14 65 1 65 17 61 2 73 11 2 15 63 20 20 8 74 19 45 10 40 6 76 3 70 
0 1136 2.0 20 11 37 9 4 13 33 4 80 2 41 8 74 16 67 14 27 17 83 19 2 3 52 12 53 18 59 1 27 7 15 5 44 15 45 20 17 6 55 10 59 
0 1488 2.0 20 1 10 18 9 19 19 8 60 11 88 3 88 2 29 17 60 14 48 7 85 6 89 12 47 15 98 9 16 5 9 20 98 4 52 10 95 16 49 13 96 
0 1505 2.0 20 4 77 3 96 5 70 12 19 17 40 9 97 13 12 10 63 16 82 14 7 15 76 20 93 6 86 8 82 7 46 2 19 18 47 11 90 1 45 19 11 
0 1446 2.0 20 7 67 9 42 8 17 6 55 11 59 18 50 13 58 2 89 10 90 15 49 14 86 17 20 16 41 20 19 5 53 12 94 4 87 1 63 19 53 3 21 
0 1261 2.0 20 3 20 13 70 17 20 12 71 1 39 15 35 5 19 19 90 9 60 8 24 6 77 14 59 11 55 4 17 10 35 7 77 20 93 2 33 18 60 16 16 
0 1225 2.0 20 18 53 19 46 7 12 8 21 1 20 4 22 16 27 9 38 2 43 11 66 10 38 12 98 15 55 3 41 6 99 20 17 17 91 13 73 5 24 14 59 
0 1183 2.0 20 13 5 10 82 9 32 18 28 3 43 6 50 15 85 14 58 11 13 20 50 19 20 2 51 4 17 5 54 12 16 1 20 7 98 16 45 17 87 8 56 
0 1198 2.0 20 7 74 3 8 14 20 8 63 17 93 10 22 5 87 12 66 13 9 15 4 16 7 9 30 20 92 11 36 19 68 18 78 6 6 2 48 1 85 4 26 
0 1346 2.0 20 1 44 11 4 13 16 14 72 7 70 4 52 16 85 5 79 17 79 15 76 10 64 12 71 3 83 19 37 2 84 6 11 8 22 9 28 18 2 20 57 
0 1241 2.0 20 4 86 18 45 16 13 14 3 20 24 8 47 13 30 12 19 7 17 19 25 9 92 5 75 1 96 6 24 17 16 10 74 15 67 2 70 3 42 11 90 
0 1045 2.0 20 17 47 19 6 11 19 6 38 5 12 9 93 16 55 15 63 4 41 20 14 1 3 7 11 10 76 18 32 13 83 8 33 3 2 12 76 2 73 14 27 
0 1400 2.0 20 11 58 8 2 14 77 9 72 7 98 6 60 17 38 3 44 19 67 10 1 4 57 1 48 2 37 16 89 13 81 12 79 20 81 18 33 5 22 15 33 
0 1209 2.0 20 2 26 11 15 8 17 5 9 20 91 4 40 6 18 10 6 14 49 7 90 16 11 12 68 18 26 15 67 3 14 19 94 17 85 1 96 9 11 13 97 
0 1011 2.0 20 15 15 9 3 6 51 17 15 1 69 20 12 10 23 16 33 19 66 11 24 5 44 2 78 18 48 4 50 12 89 8 6 13 58 3 20 7 5 14 69 
0 1350 2.0 20 16 62 3 52 9 19 19 92 14 40 1 1 7 97 10 56 18 74 5 46 4 33 13 33 11 28 20 84 15 51 17 25 12 59 6 90 2 38 8 59 
0 1029 2.0 20 1 64 13 37 16 2 2 9 11 6 4 34 5 1 8 42 10 92 7 61 20 48 15 61 18 62 14 11 3 78 19 29 6 40 9 15 17 61 12 39 
0 912 2.0 20 10 81 14 9 16 4 7 67 18 35 11 89 9 7 17 1 2 55 3 3 5 11 1 35 20 66 4 19 6 28 8 69 12 22 15 3 13 42 19 56 
0 1353 2.0 20 5 91 2 26 3 5 6 98 19 10 1 72 8 78 9 81 15 11 17 51 14 63 7 80 12 29 13 63 4 66 10 80 16 3 18 68 11 50 20 16 
0 1485 2.0 20 5 95 14 43 18 70 6 12 11 73 4 10 3 88 7 85 15 43 1 57 17 70 13 15 10 13 9 54 16 96 20 99 8 18 12 64 2 85 19 53 
0 1331 2.0 20 5 48 2 16 4 56 16 9 7 66 19 83 10 26 8 40 20 28 6 73 11 79 15 47 3 82 17 59 14 64 1 37 9 79 12 27 18 6 13 99 
0 1240 2.0 20 14 99 1 33 20 85 3 27 6 93 4 3 7 56 17 11 13 81 12 42 18 10 11 73 10 27 16 59 9 18 8 1 15 62 19 55 2 59 5 60 
0 1120 2.0 20 1 6 6 67 15 42 12 39 2 14 5 39 13 49 11 12 16 91 20 67 9 91 17 69 3 38 4 13 19 40 18 39 14 4 10 55 7 2 8 85 
0 1232 2.0 20 9 83 12 15 7 18 13 9 19 87 5 66 17 24 14 2 1 90 2 54 20 28 18 87 4 50 6 76 3 59 8 28 10 53 11 79 16 9 15 31 
0 1164 2.0 20 7 71 3 92 1 38 5 6 15 86 2 17 19 22 4 88 10 80 6 4 12 13 14 82 13 44 20 71 8 7 17 36 16 43 9 10 11 65 18 21 
0 1207 2.0 20 2 49 14 50 20 60 3 63 19 51 6 62 8 4 4 86 9 27 13 32 16 32 7 66 5 4 15 4 17 23 10 99 12 99 1 78 11 2 18 38 
0 1222 2.0 20 3 47 1 76 2 7 13 62 8 32 4 64 9 28 17 45 15 65 12 91 20 36 10 44 5 80 6 5 7 7 11 20 16 54 18 87 19 85 14 5 
0 1519 2.0 20 1 2 16 78 4 78 12 39 18 94 10 94 17 83 11 46 13 97 5 19 8 64 9 96 19 22 2 47 15 32 3 71 14 93 6 92 20 13 7 9 
0 1489 2.0 20 11 51 14 48 7 60 15 99 3 53 18 35 16 19 6 78 19 65 9 72 10 72 4 60 5 92 17 15 12 61 8 29 2 99 20 74 13 53 1 11 
0 1375 2.0 20 15 41 11 54 18 17 13 91 6 48 5 80 8 95 12 84 14 13 9 91 1 44 3 81 17 74 16 44 19 32 10 9 20 4 4 13 7 60 2 83 
0 1246 2.0 20 18 13 7 4 13 23 1 84 17 41 6 73 10 77 5 23 8 16 14 56 12 19 16 63 19 72 9 35 2 62 3 45 4 50 11 89 20 38 15 76 
0 1359 2.0 20 10 17 1 98 7 22 15 86 3 32 4 92 13 2 8 27 6 52 17 41 20 11 2 46 11 97 9 45 19 92 12 55 14 58 18 95 5 58 16 20 
0 1274 2.0 20 20 52 16 90 13 37 18 63 19 25 15 2 14 50 5 53 2 67 1 21 7 86 3 90 10 31 9 59 12 45 8 5 17 75 4 93 6 28 11 8 
0 1289 2.0 20 12 17 14 90 11 80 10 90 3 72 9 31 6 6 5 85 7 30 19 60 18 69 15 91 8 27 13 29 17 21 20 36 4 13 16 74 1 60 2 11 
0 1605 2.0 20 9 74 1 80 13 93 11 91 10 60 14 8 2 96 4 61 5 73 18 27 20 62 19 78 16 45 12 77 7 62 6 83 15 25 8 71 3 11 17 58 
0 1307 2.0 20 20 98 9 32 6 97 19 26 3 16 15 65 4 16 16 97 13 5 5 4 17 95 1 10 12 88 14 35 8 77 2 36 10 44 7 76 11 75 18 14 
0 876 2.0 20 12 4 17 47 8 71 15 32 16 20 20 54 2 87 14 59 3 5 18 10 10 43 4 13 7 24 5 8 11 27 1 33 6 56 9 13 19 33 13 35 
0 1396 2.0 20 12 17 4 19 15 71 1 91 18 23 5 25 16 45 14 69 3 86 9 91 19 95 2 36 13 9 20 25 6 48 11 99 17 87 10 52 7 19 8 67 
0 1407 2.0 20 14 72 5 18 19 91 12 69 16 13 1 43 17 80 4 63 20 41 18 82 2 20 9 31 15 83 6 55 13 89 7 5 10 68 3 38 11 81 8 41 
0 1430 2.0 20 8 53 14 63 5 35 20 69 1 31 9 39 16 21 6 97 2 31 19 11 17 76 4 29 12 88 10 68 13 96 11 79 18 37 15 9 3 80 7 88 
0 1518 2.0 20 9 99 12 8 8 84 19 70 5 45 1 91 7 10 10 97 6 94 14 73 18 33 11 20 16 78 13 43 17 34 3 92 15 39 20 36 4 49 2 73 
0 1238 2.0 20 16 19 4 16 9 69 12 96 18 43 17 8 10 70 15 9 7 18 11 41 2 89 5 40 19 88 13 89 14 67 1 58 8 39 20 44 3 33 6 17 
0 1251 1.0 20 6 35 8 76 12 19 19 57 11 82 2 99 17 11 14 39 5 31 10 25 7 65 15 2 9 77 20 70 1 68 13 25 3 74 4 46 16 31 18 31 
0 1344 1.0 20 12 45 10 61 7 54 9 72 19 35 8 68 2 89 5 19 18 69 11 10 4 74 16 56 13 64 20 11 17 12 3 42 14 92 6 82 15 60 1 19 
0 1203 1.0 20 11 23 4 73 5 26 16 4 17 25 2 6 3 33 15 29 8 11 12 82 20 29 14 53 1 83 13 61 7 26 18 79 19 97 9 93 6 32 10 61 
0 1298 1.0 20 18 69 6 86 12 43 3 11 14 25 1 76 8 57 13 34 7 64 10 33 5 68 9 90 15 63 17 38 2 44 19 52 20 9 16 53 11 7 4 77 
0 1333 1.0 20 5 54 6 62 1 42 19 63 10 87 17 98 20 94 4 70 2 26 3 14 18 4 7 85 9 44 14 71 11 21 12 37 13 30 15 46 8 2 16 76 
0 1241 1.0 20 11 13 14 7 6 19 1 4 8 39 17 57 5 52 20 98 10 27 3 54 12 77 18 82 15 66 16 96 19 43 4 78 9 3 2 12 7 61 13 67 
0 1352 1.0 20 1 51 5 49 7 76 4 30 16 21 6 98 3 22 11 64 12 45 15 14 14 1 18 79 17 69 9 14 10 71 19 77 20 74 2 65 8 57 13 63 
0 1289 1.0 20 16 16 13 9 20 30 14 62 12 23 19 47 5 31 17 22 6 55 18 99 3 50 9 42 8 18 15 49 1 72 10 56 11 54 7 95 2 69 4 93 
0 1617 1.0 20 7 34 6 90 16 86 3 45 10 5 5 99 2 79 20 95 18 95 11 82 1 95 12 43 13 34 15 95 8 52 9 46 17 66 4 13 19 43 14 47 
0 1517 1.0 20 19 72 8 3 5 75 18 32 17 51 10 57 9 62 4 51 13 2 15 98 7 63 20 60 3 93 16 56 11 53 1 90 2 93 6 47 14 78 12 31 
0 1336 1.0 20 11 13 10 87 6 26 2 73 15 37 20 65 1 34 19 77 4 46 8 33 17 78 7 51 5 5 3 73 13 41 14 71 16 74 9 44 12 48 18 52 
0 1185 1.0 20 18 20 16 40 17 28 5 58 14 32 2 73 10 76 11 84 12 31 20 38 1 92 6 13 15 42 9 76 13 54 8 4 3 76 4 7 19 40 7 28 
0 1445 1.0 20 20 37 12 79 14 70 7 49 5 40 19 25 2 51 13 66 18 27 10 94 4 37 15 35 1 28 9 85 11 84 8 37 6 47 17 53 16 82 3 86 
0 1459 1.0 20 8 88 9 97 2 99 16 81 15 48 6 3 4 67 12 62 3 41 20 53 5 68 7 70 19 48 13 98 17 36 18 29 10 38 11 1 14 13 1 83 
0 1502 1.0 20 6 26 8 82 5 58 17 13 3 92 20 35 19 55 11 88 1 32 2 75 12 85 9 98 18 11 14 39 15 74 13 61 10 57 4 59 7 63 16 53 
0 1409 1.0 20 10 70 6 28 19 97 17 81 8 54 16 60 9 71 1 15 4 87 7 25 13 94 2 39 11 20 15 74 14 49 20 82 18 47 5 62 12 5 3 24 
0 1211 1.0 20 16 6 9 8 10 52 18 41 2 33 15 52 4 28 13 61 6 86 17 88 7 66 12 13 11 64 5 94 14 10 19 9 8 79 3 56 1 12 20 74 
0 1498 1.0 20 13 70 1 99 11 99 12 25 3 7 10 43 8 88 6 75 17 74 14 44 7 44 16 80 4 41 9 74 15 57 20 84 19 19 2 27 18 25 5 78 
0 1532 1.0 20 15 64 16 88 9 45 17 54 6 46 12 53 13 7 1 96 10 37 4 92 19 11 18 38 14 69 7 93 5 90 20 28 2 49 11 78 8 96 3 45 
0 1504 1.0 20 8 43 19 86 1 15 15 1 13 51 18 7 9 95 11 80 17 97 5 3 20 74 14 97 3 70 16 89 7 64 4 97 2 40 10 32 12 52 6 64 
