100 20 2000 
0 2062 4.0 20 2 91 1 20 12 60 10 13 20 54 9 38 7 69 15 66 18 78 14 32 16 47 8 81 11 96 3 69 6 74 19 91 5 73 13 67 17 89 4 81 
0 1694 4.0 20 16 64 2 49 15 88 10 17 18 30 12 77 13 97 4 5 11 87 8 99 14 22 20 42 9 50 17 27 7 19 1 55 3 77 19 78 5 20 6 56 
0 1550 4.0 20 15 62 10 62 3 5 1 72 4 96 7 25 19 57 9 4 17 36 20 2 8 51 13 13 6 80 5 82 11 49 16 96 2 27 14 25 12 83 18 42 
0 1292 4.0 20 5 84 10 31 12 2 9 31 2 15 19 63 14 19 17 38 8 75 13 35 16 52 11 37 18 91 15 34 3 7 6 63 4 7 20 11 7 45 1 68 
0 1438 4.0 20 18 15 10 75 19 88 15 47 3 61 1 91 11 7 8 28 17 8 12 96 7 4 5 91 20 22 9 60 13 55 14 22 16 36 2 37 4 43 6 13 
0 1595 4.0 20 9 2 12 41 5 28 8 90 10 14 17 71 19 71 16 63 18 90 20 44 6 87 7 72 4 31 3 57 14 42 13 1 11 6 1 74 15 27 2 86 
0 1409 4.0 20 12 65 2 56 17 77 4 30 11 24 1 59 6 13 7 47 18 56 19 51 16 55 8 11 20 74 14 85 5 46 13 14 3 57 15 8 10 36 9 17 
0 1484 4.0 20 14 40 15 27 18 70 3 49 6 97 17 8 4 20 7 11 10 78 16 47 19 69 8 58 5 35 12 20 11 52 9 5 1 56 2 68 20 44 13 74 
0 1904 4.0 20 12 13 10 47 8 69 17 24 11 89 19 97 14 51 13 41 18 29 7 69 1 60 5 50 16 83 6 64 3 86 2 96 20 58 9 57 4 60 15 47 
0 1480 4.0 20 1 23 11 40 8 84 14 77 20 60 10 53 3 48 12 58 16 14 15 16 9 20 13 79 18 88 6 25 19 29 4 68 5 3 2 85 17 49 7 6 
0 1910 4.0 20 18 14 3 41 16 11 9 36 13 62 10 82 19 55 17 78 14 39 8 99 7 93 20 73 6 93 2 91 4 36 11 11 5 78 1 70 12 70 15 62 
0 1372 4.0 20 9 84 3 14 2 38 19 36 5 68 12 16 11 92 18 41 15 4 10 47 20 50 14 88 7 92 6 29 1 23 17 19 13 10 4 9 16 24 8 74 
0 1489 4.0 20 3 93 13 8 17 35 6 11 10 82 15 2 19 41 11 34 2 22 8 98 18 72 5 67 14 98 9 19 7 16 1 7 4 82 16 67 20 24 12 53 
0 1508 4.0 20 11 84 9 6 20 73 3 99 2 69 18 77 13 25 19 39 14 27 15 8 16 67 5 38 4 62 12 8 10 35 7 44 6 45 1 56 17 46 8 35 
0 1198 4.0 20 19 26 16 83 20 13 10 37 8 71 2 24 13 20 4 45 3 33 12 48 18 75 17 15 11 29 1 15 6 44 5 55 14 1 7 21 9 67 15 27 
0 1641 4.0 20 5 98 9 22 4 97 8 9 19 55 17 90 12 51 14 30 11 48 6 47 16 48 18 78 20 20 10 14 3 21 2 97 1 69 15 25 7 55 13 52 
0 1673 4.0 20 8 44 2 51 18 7 1 59 4 48 15 86 16 30 19 99 9 51 14 47 20 1 3 16 7 75 17 29 10 64 13 65 12 94 5 83 6 61 11 36 
0 1601 4.0 20 9 23 16 24 8 60 20 59 19 77 18 43 17 20 7 99 12 28 11 65 4 85 13 22 10 94 1 62 6 24 15 56 2 75 5 11 3 48 14 26 
0 1804 4.0 20 20 88 8 62 18 75 7 83 2 71 5 32 1 6 9 89 4 44 12 30 10 10 13 35 11 78 3 40 16 48 15 82 17 77 6 73 14 19 19 86 
0 1531 4.0 20 12 92 9 76 17 53 20 85 3 46 11 42 1 34 10 85 15 53 18 20 2 24 4 15 19 26 14 11 13 28 6 96 7 49 5 7 8 33 16 82 
0 1608 2.0 20 6 31 12 10 19 19 3 83 11 10 16 77 17 95 9 57 13 49 2 67 1 34 15 21 20 27 5 43 8 56 7 93 14 47 18 80 4 28 10 78 
0 1280 2.0 20 2 55 13 46 14 33 15 46 10 50 9 24 8 66 6 30 18 88 1 26 16 79 11 32 19 67 7 24 12 20 5 67 17 4 4 8 3 4 20 31 
0 1552 2.0 20 14 15 3 30 15 96 18 50 7 73 11 42 12 56 1 67 5 16 8 37 6 28 19 14 17 12 20 17 2 12 16 89 9 90 10 92 4 92 13 42 
0 1680 2.0 20 15 98 16 2 2 61 12 9 8 48 14 69 18 65 13 8 10 82 4 64 11 61 7 5 17 21 19 97 6 63 9 85 1 18 3 39 20 91 5 64 
0 1508 2.0 20 16 70 13 51 4 89 14 76 19 77 6 6 15 22 20 29 18 5 2 36 8 54 17 31 10 6 3 87 12 84 1 3 11 5 5 88 9 35 7 89 
0 1609 2.0 20 4 56 10 80 20 14 18 28 16 14 3 6 11 6 17 79 13 84 12 23 8 76 15 38 19 28 9 98 2 98 14 38 6 57 5 27 7 62 1 94 
0 1155 2.0 20 13 92 19 26 9 24 11 18 10 30 14 11 20 62 17 38 5 52 2 3 4 86 16 17 12 2 6 50 15 87 7 10 1 37 8 42 3 30 18 5 
0 1894 2.0 20 1 48 11 89 12 99 6 49 17 54 16 57 8 32 4 86 19 75 5 64 14 99 2 60 7 71 3 52 13 74 10 18 18 13 9 59 20 26 15 59 
0 1580 2.0 20 10 26 8 38 1 98 4 29 5 29 16 53 14 50 18 7 3 81 7 78 11 85 20 26 12 27 6 52 13 7 2 94 15 86 9 54 19 51 17 17 
0 1606 2.0 20 9 95 4 25 5 71 8 16 12 64 7 23 19 77 15 29 17 90 20 55 3 83 2 18 13 42 16 78 11 33 14 12 6 28 18 97 1 61 10 7 
0 1747 2.0 20 12 1 15 54 2 42 16 78 3 15 11 71 5 69 17 10 4 67 10 27 6 82 13 59 19 93 8 87 18 55 9 61 20 70 1 58 7 86 14 7 
0 1553 2.0 20 14 42 9 71 19 94 20 73 7 58 10 22 6 42 2 13 17 56 12 74 1 12 3 26 5 70 15 91 16 68 13 1 11 2 4 12 8 91 18 53 
0 1913 2.0 20 1 67 15 2 7 68 20 89 2 4 4 83 17 63 19 58 11 46 3 62 10 99 9 90 12 91 16 9 8 83 5 15 6 83 14 47 18 95 13 42 
0 1667 2.0 20 3 87 4 27 18 7 15 33 6 92 19 52 2 82 1 29 9 88 17 21 8 45 13 61 20 34 12 53 10 26 16 23 5 69 11 73 7 87 14 53 
0 1606 2.0 20 19 46 10 51 17 57 4 88 3 71 12 10 5 9 6 45 1 90 13 16 11 55 16 91 7 65 9 36 15 19 8 70 18 92 20 16 2 76 14 1 
0 1710 2.0 20 19 43 6 46 8 63 11 62 13 72 20 12 17 98 18 53 12 57 4 67 9 45 5 90 1 83 15 36 16 54 10 85 7 29 3 6 14 36 2 32 
0 1478 2.0 20 18 28 8 65 13 7 5 50 16 1 7 61 19 56 6 21 3 39 17 57 12 43 20 34 9 57 11 39 4 22 2 80 14 88 10 66 1 90 15 20 
0 1624 2.0 20 11 10 7 2 19 11 5 82 10 56 17 78 15 75 3 40 8 34 14 42 12 51 20 17 2 62 9 32 6 88 4 70 13 50 18 78 1 39 16 98 
0 1371 2.0 20 4 8 2 26 19 11 6 29 18 99 5 9 3 58 11 60 8 52 15 36 20 14 1 47 14 70 13 10 17 1 10 66 16 51 12 96 7 41 9 73 
0 1779 2.0 20 15 75 5 89 2 92 13 16 11 52 4 98 20 21 8 50 10 61 9 22 12 78 19 51 6 70 3 41 14 39 7 19 1 91 18 62 16 46 17 39 
0 1502 2.0 20 12 52 4 91 2 24 1 2 8 43 13 37 17 11 20 55 15 51 5 27 16 28 6 91 11 45 3 78 18 29 10 66 14 87 9 86 19 16 7 20 
0 1353 2.0 20 9 2 11 27 18 80 14 11 5 19 20 60 7 58 3 16 4 34 6 68 2 89 15 83 12 5 8 43 19 70 16 10 17 65 1 70 10 12 13 24 
0 1776 2.0 20 11 96 16 86 10 48 8 74 17 10 14 4 9 55 6 53 3 56 18 1 1 52 13 52 15 86 20 6 7 65 19 58 2 80 5 96 12 38 4 94 
0 1747 2.0 20 19 68 4 23 12 50 10 80 11 83 1 71 13 33 8 48 7 28 5 60 3 76 2 18 15 32 18 65 14 33 9 98 20 28 6 92 17 95 16 11 
0 1705 2.0 20 11 74 13 79 18 40 2 53 12 24 10 30 16 52 7 26 20 90 3 53 17 50 19 91 15 70 14 90 6 31 8 35 4 66 9 90 5 1 1 21 
0 1920 2.0 20 6 45 17 17 12 81 9 97 18 81 5 67 11 82 7 24 4 27 15 52 3 59 8 55 13 74 10 25 16 58 2 62 14 29 1 88 20 97 19 80 
0 1438 2.0 20 11 1 12 24 2 11 17 88 1 77 4 64 8 27 20 13 15 52 18 49 10 19 5 62 19 10 9 42 16 97 13 49 14 76 6 59 7 36 3 43 
0 1355 2.0 20 16 92 11 82 17 21 12 70 9 89 1 26 20 24 6 1 18 22 8 12 15 6 13 34 4 88 2 28 14 54 10 8 19 74 3 41 5 1 7 74 
0 1835 2.0 20 20 29 3 7 10 78 13 90 7 78 12 94 6 7 17 53 11 8 16 92 9 18 8 59 5 59 14 96 4 52 2 69 19 64 18 76 1 82 15 36 
0 1558 2.0 20 15 18 5 64 13 86 17 82 1 6 10 2 18 82 3 46 8 22 7 13 20 92 2 38 6 72 4 45 12 66 14 48 11 10 9 94 19 83 16 5 
0 1470 2.0 20 8 27 1 30 10 99 14 72 5 17 12 69 3 59 11 3 20 93 2 4 15 30 4 18 9 36 6 65 7 93 13 37 16 10 19 45 17 14 18 98 
0 1249 2.0 20 17 9 8 66 6 33 11 35 10 25 14 44 2 13 4 8 15 47 16 80 9 99 13 23 19 59 1 2 20 89 12 16 3 30 18 45 5 3 7 55 
0 1220 2.0 20 12 74 4 7 15 3 3 96 7 9 10 44 8 15 20 16 9 98 16 19 11 8 13 1 14 87 19 9 6 48 17 76 2 26 1 63 18 52 5 12 
0 1472 2.0 20 9 90 11 39 4 58 17 30 1 35 7 80 10 69 12 7 8 70 2 52 20 88 18 56 15 8 5 12 3 4 14 48 19 57 6 34 16 70 13 13 
0 1811 2.0 20 20 91 12 39 8 86 13 47 4 61 17 19 15 72 7 63 9 44 11 95 16 52 1 61 10 7 14 94 19 77 18 58 6 11 5 21 2 54 3 80 
0 1355 2.0 20 11 14 15 62 16 13 13 84 2 15 9 19 10 70 19 32 12 57 3 38 18 90 6 37 7 31 20 64 4 20 5 12 14 9 8 75 17 90 1 15 
0 1070 2.0 20 4 48 9 13 14 5 13 13 19 19 16 87 5 80 8 6 7 54 17 41 6 56 10 10 20 64 3 26 11 33 12 11 15 20 1 32 2 24 18 27 
0 1608 2.0 20 2 65 4 89 3 39 8 77 16 18 1 42 7 45 6 83 13 54 5 63 17 82 10 50 12 9 18 72 9 46 19 51 15 36 20 27 14 9 11 48 
0 1257 2.0 20 16 34 19 85 9 2 6 29 4 17 5 60 11 69 15 55 17 34 8 12 3 17 20 60 10 1 14 63 13 62 1 14 12 76 7 2 2 85 18 9 
0 1553 2.0 20 2 13 4 44 10 98 7 16 1 63 17 31 19 73 5 75 11 31 16 46 15 85 20 79 9 67 13 6 12 25 3 40 6 39 18 16 8 60 14 64 
0 1270 2.0 20 18 23 4 94 20 55 14 25 13 93 2 30 7 95 17 56 10 1 11 3 8 77 19 1 12 52 9 52 6 21 3 5 16 1 1 9 5 23 15 78 
0 1724 2.0 20 3 10 5 68 6 56 1 72 8 63 4 80 17 91 12 80 7 22 9 70 19 39 11 38 18 57 13 79 2 60 15 19 16 95 14 35 20 41 10 3 
0 1689 2.0 20 15 55 6 50 9 2 4 69 12 44 16 19 5 70 14 71 17 53 2 98 8 65 13 4 20 46 10 94 7 48 3 86 11 6 1 34 18 97 19 45 
0 1912 2.0 20 19 85 1 38 12 27 3 93 2 81 5 17 16 14 17 78 18 89 4 90 11 97 6 97 20 12 10 28 9 72 15 93 7 18 13 90 8 53 14 23 
0 1864 2.0 20 10 83 1 11 16 94 14 44 13 80 19 94 15 24 7 65 11 22 8 74 17 62 2 58 12 86 6 49 9 94 3 29 20 75 5 13 18 26 4 82 
0 1412 2.0 20 14 31 8 76 12 9 3 16 5 28 11 88 7 97 20 43 9 14 1 89 18 38 2 66 19 62 15 8 4 41 10 81 16 38 13 16 17 26 6 16 
0 1529 2.0 20 8 51 10 1 13 80 12 63 4 1 3 61 19 98 14 58 11 47 2 15 15 83 17 16 9 50 7 36 1 13 5 46 18 97 6 87 20 3 16 50 
0 1456 2.0 20 14 98 17 65 2 22 20 31 15 38 12 45 16 72 5 72 19 37 6 63 11 37 1 50 10 6 8 30 3 11 13 34 7 46 9 34 4 37 18 82 
0 1342 2.0 20 16 31 11 19 13 30 14 80 6 24 18 74 3 67 7 39 12 35 1 79 4 42 2 24 8 45 20 5 9 13 15 44 17 93 5 33 10 34 19 28 
0 1433 2.0 20 12 19 5 4 16 52 9 82 14 42 15 71 3 19 4 47 8 17 11 67 7 38 1 23 6 79 13 95 10 21 17 56 18 19 20 52 2 25 19 68 
0 1723 2.0 20 11 58 10 37 12 46 20 4 13 73 8 86 19 8 7 51 9 46 15 38 17 33 1 34 3 89 4 90 2 73 6 81 16 37 18 50 14 80 5 63 
0 2030 2.0 20 11 74 19 26 16 75 20 40 4 29 2 79 17 83 3 40 6 35 14 53 15 57 13 99 1 57 8 94 9 99 12 53 18 93 10 75 7 29 5 79 
0 1801 2.0 20 19 39 11 21 3 51 7 92 8 92 2 36 5 73 6 53 1 62 18 97 16 62 4 17 12 80 10 29 15 86 17 89 13 26 14 29 9 9 20 83 
0 1857 2.0 20 15 89 19 88 20 9 12 63 7 64 17 85 11 95 16 87 6 44 2 15 14 23 9 10 4 93 13 67 18 69 8 13 10 35 3 71 1 51 5 90 
0 1577 2.0 20 2 53 15 72 3 49 19 11 7 52 4 61 1 36 5 99 12 49 13 83 20 10 14 32 18 39 17 39 9 86 6 13 10 54 8 91 16 6 11 51 
0 1345 2.0 20 17 77 2 59 12 83 18 50 13 88 10 8 15 9 1 58 7 45 19 25 8 11 4 34 14 68 20 35 6 26 5 48 16 1 9 48 3 12 11 56 
0 1216 2.0 20 5 24 4 60 1 20 9 16 13 65 3 66 17 47 19 43 15 63 18 9 16 14 7 70 6 46 12 32 11 54 14 17 20 85 8 6 10 12 2 11 
0 1318 2.0 20 14 89 10 19 2 25 13 62 12 72 19 21 7 32 9 56 8 61 3 23 17 33 6 66 20 65 4 10 11 27 1 39 16 46 5 31 15 23 18 24 
0 1635 2.0 20 12 15 20 99 1 14 13 33 6 81 19 39 11 49 18 96 10 31 3 62 4 40 7 54 8 53 17 91 2 87 14 36 15 79 5 27 16 2 9 34 
0 1696 2.0 20 7 41 14 15 8 27 20 90 2 91 15 2 16 69 4 89 18 30 12 67 3 37 13 22 10 79 9 78 1 73 11 71 19 67 5 48 6 10 17 54 
0 1388 1.0 20 5 61 8 2 14 27 10 20 6 75 7 2 1 58 16 36 18 54 15 46 11 85 20 27 12 63 3 42 17 88 9 75 19 30 2 46 4 19 13 12 
0 1580 1.0 20 13 19 19 59 4 73 14 90 8 20 11 27 5 36 7 16 10 53 9 68 3 10 6 59 12 83 20 22 17 6 18 91 2 22 15 74 16 99 1 61 
0 1747 1.0 20 19 97 16 85 12 29 8 20 11 99 15 29 7 49 17 86 4 96 3 83 1 14 5 95 14 17 10 45 2 65 9 48 20 64 6 9 13 26 18 36 
0 2064 1.0 20 8 59 19 54 7 77 5 99 2 90 10 61 20 65 18 58 17 42 3 86 16 64 6 3 14 55 9 79 4 88 15 13 1 63 13 66 12 83 11 85 
0 2155 1.0 20 8 92 1 29 12 62 15 81 10 81 3 97 11 96 4 66 5 81 2 75 14 93 9 51 18 73 17 76 16 33 20 34 6 95 19 4 7 59 13 69 
0 1593 1.0 20 14 18 15 59 12 15 8 56 20 85 2 32 7 68 16 70 19 24 5 53 9 12 6 69 11 35 4 89 17 6 13 41 18 87 10 41 1 85 3 51 
0 1636 1.0 20 3 4 7 70 11 84 9 80 12 17 16 43 14 50 6 17 20 50 19 66 8 24 13 15 10 90 2 83 15 45 4 15 1 72 18 26 17 89 5 83 
0 1710 1.0 20 16 13 8 52 15 88 1 54 13 50 4 59 7 51 20 36 14 87 10 98 12 26 11 56 6 89 3 38 19 48 18 58 2 3 9 72 17 10 5 81 
0 1315 1.0 20 20 63 5 29 16 64 14 50 12 11 8 38 1 19 4 7 15 59 7 40 13 56 18 5 3 59 17 83 19 46 2 41 6 90 10 4 11 24 9 34 
0 1473 1.0 20 5 9 1 82 12 69 11 14 16 77 9 39 10 27 17 98 8 8 7 53 3 15 20 1 15 68 13 56 6 72 2 61 4 49 19 35 14 67 18 21 
0 1478 1.0 20 2 84 3 41 11 78 5 53 8 82 15 32 10 51 12 27 20 56 19 4 9 19 6 41 13 80 1 33 17 71 4 18 16 13 18 3 14 43 7 95 
0 1585 1.0 20 8 68 19 59 3 67 16 24 11 2 12 69 14 45 18 85 10 51 20 46 15 86 2 11 5 2 7 97 17 53 6 44 9 64 13 33 1 32 4 53 
0 1556 1.0 20 8 24 9 97 15 11 16 69 2 6 11 12 17 84 4 32 14 1 1 90 7 32 3 98 6 79 18 36 10 56 5 1 20 17 19 84 12 80 13 64 
0 1329 1.0 20 13 47 18 64 6 16 19 64 17 69 2 16 8 45 3 62 1 16 11 5 12 26 4 70 15 48 10 58 20 75 14 13 16 11 5 47 7 50 9 29 
0 1452 1.0 20 18 72 11 51 20 16 5 32 4 43 9 61 2 11 6 1 15 74 13 17 10 15 3 72 14 87 19 81 12 26 17 26 7 74 1 30 8 79 16 40 
0 1873 1.0 20 6 59 12 69 2 98 7 60 17 73 15 37 10 35 16 47 14 17 4 93 19 83 8 27 1 95 3 77 20 67 18 30 11 78 5 26 13 45 9 55 
0 1740 1.0 20 2 42 4 93 14 88 18 89 15 31 20 89 12 59 7 86 9 28 11 23 17 4 13 72 16 43 8 28 1 52 10 18 19 60 6 91 3 86 5 6 
0 1673 1.0 20 3 84 4 8 14 84 5 67 18 84 15 11 13 89 20 38 19 12 16 74 10 14 12 50 6 83 11 42 9 77 1 88 2 58 8 58 17 8 7 17 
0 1510 1.0 20 13 28 15 15 12 97 6 31 2 15 7 35 17 9 10 59 19 50 14 98 1 86 11 6 18 49 4 24 16 89 5 56 8 85 20 14 3 78 9 20 
0 1416 1.0 20 2 51 12 25 15 56 1 67 19 51 14 44 5 80 20 66 6 23 13 74 8 12 17 52 18 13 16 4 9 36 3 69 4 5 7 21 10 57 11 79 
