100 20 2000 
0 1250 4.0 20 18 17 17 25 8 65 1 31 3 80 6 64 14 30 16 36 10 99 11 16 4 32 2 3 20 28 13 79 15 1 7 50 5 94 12 31 19 87 9 94 
0 1379 4.0 20 13 71 4 86 20 16 14 79 3 92 8 79 17 63 18 10 7 47 15 64 10 56 6 4 2 87 1 16 19 43 5 70 11 15 9 27 16 99 12 37 
0 1170 4.0 20 18 81 1 32 19 76 11 80 3 19 2 6 7 37 5 59 15 8 9 3 13 41 16 79 14 8 4 83 17 68 6 53 12 29 8 61 20 24 10 53 
0 1419 4.0 20 9 78 15 99 8 97 1 20 14 3 13 1 3 97 11 92 4 43 10 11 2 25 18 31 12 98 17 73 5 38 20 71 16 69 7 71 6 73 19 2 
0 1271 4.0 20 14 91 1 90 8 97 17 24 7 8 13 72 3 54 5 67 6 63 12 39 19 76 15 12 11 1 2 7 20 46 9 14 4 54 10 66 18 55 16 42 
0 1274 4.0 20 12 67 2 13 19 74 7 38 18 10 17 67 1 6 20 50 8 72 11 93 4 25 3 72 6 66 14 71 5 18 10 77 15 27 13 20 9 97 16 17 
0 1505 4.0 20 20 84 3 19 5 7 12 40 19 73 15 89 17 85 11 78 6 29 4 89 14 9 1 88 8 43 7 52 13 36 16 44 18 77 2 44 10 82 9 90 
0 1290 4.0 20 5 27 18 88 20 59 12 79 14 98 17 66 1 9 11 1 19 35 8 69 6 29 10 67 7 60 13 43 16 21 15 19 9 76 3 55 2 77 4 15 
0 1220 4.0 20 13 44 4 43 12 67 8 41 10 90 18 71 20 38 16 39 5 77 19 18 1 12 15 17 2 10 9 77 3 49 6 25 14 85 11 30 7 14 17 92 
0 1361 4.0 20 12 57 1 41 16 51 15 41 9 17 18 91 13 82 17 68 10 76 19 13 2 93 8 12 3 90 20 58 7 52 11 83 14 68 5 3 6 11 4 40 
0 1380 4.0 20 7 63 9 59 13 18 16 99 17 78 5 5 20 15 3 71 19 59 12 21 1 58 11 29 15 59 4 98 10 2 8 18 18 87 6 55 14 83 2 85 
0 1240 4.0 20 10 54 2 57 4 51 15 25 14 57 8 46 9 93 18 58 20 20 13 4 5 19 19 91 6 25 3 88 12 94 7 52 11 23 17 4 1 27 16 66 
0 1439 4.0 20 19 73 2 84 10 85 4 50 5 61 1 40 15 93 3 17 16 86 9 19 17 49 11 98 14 74 18 6 6 27 8 91 12 58 20 59 13 22 7 15 
0 1160 4.0 20 10 11 13 56 11 39 15 20 14 79 18 55 19 18 5 40 12 74 4 91 7 95 2 65 16 13 8 26 20 40 1 89 17 25 6 33 3 3 9 21 
0 1149 4.0 20 4 51 9 37 10 49 11 20 6 52 3 57 20 17 1 42 17 50 7 74 18 33 12 38 16 16 5 21 2 35 8 85 19 7 13 66 14 68 15 66 
0 1259 4.0 20 8 47 17 27 11 86 9 19 14 9 4 23 1 64 6 32 12 24 18 14 10 47 16 81 5 45 2 84 7 10 13 25 3 74 20 81 19 98 15 79 
0 1623 4.0 20 1 94 19 46 10 63 7 64 8 72 4 70 3 86 12 10 17 11 5 99 15 93 18 90 20 4 6 75 11 87 9 35 14 46 16 27 13 94 2 83 
0 1336 4.0 20 17 53 10 33 16 56 6 19 1 50 8 82 9 20 19 49 14 73 3 21 18 28 20 40 11 49 5 83 15 82 13 16 7 97 12 86 2 46 4 45 
0 1098 4.0 20 9 26 11 29 15 35 8 31 1 71 20 78 4 38 10 11 16 26 6 12 13 69 14 64 19 1 17 96 18 36 3 93 7 52 12 30 5 22 2 25 
0 1389 4.0 20 13 12 10 98 6 14 2 38 11 94 19 77 3 52 8 95 9 20 12 77 15 42 5 28 16 69 18 88 4 29 14 18 17 95 20 73 1 16 7 34 
0 988 2.0 20 8 22 16 5 9 31 18 25 7 8 15 38 20 17 19 17 6 13 10 59 13 36 3 88 1 57 5 19 2 57 4 65 14 88 12 23 11 52 17 40 
0 1163 2.0 20 5 19 11 34 3 49 14 46 12 2 19 45 7 82 20 7 17 7 9 50 16 81 15 1 13 99 18 91 10 54 6 4 2 87 4 29 8 63 1 45 
0 1340 2.0 20 14 36 10 38 17 93 18 27 5 28 11 81 6 2 20 66 4 28 15 46 1 96 7 55 9 99 13 90 8 5 3 37 12 18 19 55 2 78 16 53 
0 1315 2.0 20 4 89 17 93 14 40 2 76 7 29 8 61 13 13 10 95 18 28 12 3 19 89 15 28 20 13 5 63 9 32 3 50 1 24 16 63 6 76 11 47 
0 1420 2.0 20 3 44 4 48 14 32 11 61 16 85 15 34 13 21 2 52 18 66 5 47 8 30 12 49 1 88 19 95 7 94 17 59 10 77 9 5 20 79 6 27 
0 1336 2.0 20 13 19 20 64 19 27 2 30 15 27 17 57 1 96 11 36 5 8 6 77 4 59 10 36 14 13 9 96 8 88 12 47 3 80 7 32 18 43 16 93 
0 1342 2.0 20 10 73 12 75 15 37 17 70 14 90 1 34 13 87 11 6 5 59 3 79 16 11 6 50 18 46 20 12 7 38 2 55 8 15 4 18 19 80 9 98 
0 1554 2.0 20 18 70 7 90 17 89 8 4 20 77 13 31 1 43 19 87 14 52 3 63 2 75 12 21 9 30 15 68 6 81 4 89 10 68 16 44 11 63 5 51 
0 1375 2.0 20 13 70 12 9 7 52 6 55 8 92 20 60 3 39 18 13 4 68 16 72 10 80 14 45 15 28 9 69 11 48 17 29 2 42 1 55 19 44 5 88 
0 1686 2.0 20 8 91 13 28 11 68 14 49 6 94 12 86 9 43 1 43 4 75 2 98 20 88 10 67 7 63 3 34 15 61 16 85 19 32 5 96 17 45 18 51 
0 1415 2.0 20 4 90 13 97 10 53 11 9 3 63 1 92 2 18 7 68 18 55 16 10 5 78 12 34 14 57 17 13 19 64 9 59 20 56 8 76 15 41 6 56 
0 1276 2.0 20 17 9 19 44 11 59 18 61 20 6 9 66 16 56 8 41 12 97 7 41 15 1 5 21 3 43 13 76 2 20 10 73 6 88 14 98 1 56 4 26 
0 1436 2.0 20 15 90 19 60 2 40 18 78 9 52 13 10 14 50 16 61 6 95 4 28 10 38 8 24 7 51 11 96 3 90 20 18 1 77 17 11 5 43 12 93 
0 1207 2.0 20 1 47 9 30 3 13 13 63 16 93 17 42 8 32 2 12 5 66 10 94 6 89 12 25 14 16 7 96 19 87 15 39 20 58 18 8 11 2 4 17 
0 1645 2.0 20 13 50 12 62 6 91 9 25 3 19 17 73 10 98 5 63 16 95 11 57 8 67 2 7 14 76 7 79 15 90 19 75 1 42 20 66 18 90 4 41 
0 1458 2.0 20 13 18 20 99 11 89 12 43 18 49 5 8 6 44 19 33 15 91 1 39 17 36 10 72 2 27 8 70 16 66 7 82 9 94 4 46 14 18 3 98 
0 1339 2.0 20 14 45 4 13 12 26 17 14 5 29 9 90 18 60 1 84 7 83 3 41 8 7 11 24 6 73 10 58 16 91 2 47 13 82 15 81 20 67 19 15 
0 1189 2.0 20 11 52 14 79 20 18 9 3 1 29 10 88 8 97 16 55 19 55 18 15 5 87 2 17 13 43 4 58 12 69 15 66 6 31 7 43 17 8 3 2 
0 1463 2.0 20 20 87 9 51 11 65 4 5 8 34 16 58 15 9 6 10 1 30 12 87 3 62 10 89 18 78 2 37 13 94 17 40 7 50 19 83 5 74 14 83 
0 1319 2.0 20 3 35 16 34 5 44 1 65 14 37 11 5 20 51 19 26 13 65 10 16 8 90 6 40 15 76 2 54 9 72 18 27 12 37 17 75 7 77 4 89 
0 1012 2.0 20 15 15 9 1 18 43 16 7 12 64 2 50 6 26 11 29 7 13 10 76 20 9 8 5 3 85 5 19 19 23 14 95 17 76 4 69 1 48 13 26 
0 1253 2.0 20 5 84 4 42 6 99 7 25 10 75 19 93 20 76 3 56 12 23 16 87 18 8 1 2 9 60 17 79 13 30 2 16 14 61 15 16 11 1 8 31 
0 1276 2.0 20 13 90 9 41 18 20 20 50 11 38 14 76 6 68 15 66 8 84 7 77 2 30 3 55 19 50 4 40 16 99 12 5 10 27 1 10 5 32 17 24 
0 1218 2.0 20 19 33 5 79 1 55 9 69 14 53 7 50 4 81 3 28 10 91 18 55 2 50 12 29 16 27 13 9 17 61 11 27 6 36 8 43 20 5 15 56 
0 1449 2.0 20 11 72 14 36 8 27 1 16 16 50 7 82 12 8 9 79 15 80 3 22 6 63 4 61 10 25 17 61 2 71 5 93 20 44 19 65 18 72 13 88 
0 1190 2.0 20 13 7 6 18 15 59 19 44 9 64 1 94 8 55 3 20 11 11 17 77 10 3 7 26 2 8 18 21 12 73 5 80 16 89 20 53 4 19 14 95 
0 1298 2.0 20 6 35 3 7 12 98 19 66 13 16 16 89 1 6 4 24 18 18 20 39 14 52 10 49 8 52 7 26 17 11 11 73 15 91 2 69 5 99 9 79 
0 1311 2.0 20 4 65 2 24 11 87 10 85 3 66 16 99 14 5 13 29 6 98 1 17 8 4 20 48 12 45 18 26 5 80 9 5 19 56 15 53 7 76 17 41 
0 1151 2.0 20 9 39 4 34 19 47 10 60 16 21 1 11 14 46 11 14 12 59 20 51 15 7 17 58 8 49 3 57 2 71 13 57 5 47 7 1 18 85 6 72 
0 1149 2.0 20 18 93 3 88 11 24 10 32 15 18 17 44 7 48 2 18 16 80 9 67 14 10 8 9 6 16 12 35 1 16 5 10 13 29 19 71 20 89 4 87 
0 933 2.0 20 11 36 10 29 13 35 6 78 8 17 5 7 20 38 1 50 15 6 12 15 3 14 7 30 2 36 4 18 16 59 17 63 14 92 19 26 9 46 18 23 
0 965 2.0 20 6 90 10 11 15 87 4 34 13 20 18 1 5 57 12 30 3 19 20 25 7 22 16 32 11 86 1 31 19 4 8 54 2 32 9 17 17 24 14 67 
0 1458 2.0 20 3 91 14 61 16 53 5 1 11 67 6 53 10 86 1 8 18 12 12 51 8 90 19 73 4 44 17 12 9 92 15 58 20 57 7 63 13 82 2 68 
0 1545 2.0 20 19 77 7 48 6 72 20 89 8 36 17 23 14 39 5 45 16 39 15 85 11 54 9 69 13 44 18 92 1 86 12 42 3 83 10 85 4 23 2 58 
0 1017 2.0 20 8 15 2 5 3 67 18 9 17 7 11 81 10 4 7 86 6 74 16 49 13 26 9 9 15 27 4 33 1 51 20 95 14 32 12 24 5 31 19 58 
0 1093 2.0 20 15 30 9 90 11 27 16 17 18 85 5 27 10 92 8 11 2 15 4 61 20 18 1 34 14 96 3 56 17 34 6 44 12 32 7 1 13 16 19 55 
0 1417 2.0 20 19 21 5 95 6 81 3 1 12 65 18 69 20 24 15 47 17 92 16 25 2 22 8 60 14 62 10 97 4 78 11 63 9 18 1 35 13 80 7 55 
0 1410 2.0 20 14 96 15 27 1 66 9 52 20 16 16 20 17 24 7 59 18 75 5 64 19 26 11 88 10 57 6 68 3 60 12 12 13 54 4 99 2 51 8 71 
0 1389 2.0 20 12 79 16 6 20 41 9 8 7 93 13 46 4 69 19 81 14 61 5 44 11 2 15 69 6 72 10 21 8 55 18 69 3 13 17 69 2 80 1 91 
0 1367 2.0 20 2 82 11 99 5 92 14 53 15 5 10 33 8 59 20 32 4 93 18 13 1 64 9 19 19 96 12 12 3 66 6 4 16 83 7 65 17 3 13 79 
0 1012 2.0 20 19 16 3 62 5 1 4 41 6 84 20 61 17 31 11 63 7 10 18 10 9 14 14 75 13 14 1 63 2 53 10 61 16 41 15 7 12 57 8 15 
0 1376 2.0 20 19 5 8 83 11 25 12 37 7 81 17 42 6 20 10 22 14 50 5 40 2 77 20 76 4 58 15 88 16 77 18 69 1 63 9 56 3 49 13 41 
0 1033 2.0 20 10 43 2 16 11 1 1 56 12 38 9 41 20 78 8 81 16 5 7 46 13 10 14 6 17 31 5 44 18 22 19 78 3 93 15 42 4 21 6 43 
0 1055 2.0 20 6 27 10 26 11 32 8 20 1 20 5 5 16 43 14 63 17 23 3 29 20 45 4 79 13 68 12 73 19 1 15 10 2 61 9 56 18 95 7 36 
0 1545 2.0 20 11 88 4 21 16 86 18 92 3 89 7 30 15 44 20 25 13 99 9 91 17 21 14 45 1 82 12 41 5 76 2 33 6 77 10 49 19 63 8 37 
0 1361 2.0 20 2 33 1 54 8 79 20 56 17 54 18 75 6 79 9 99 19 38 16 13 13 2 4 53 12 89 5 82 11 53 14 33 7 43 15 73 3 25 10 14 
0 1419 2.0 20 17 7 3 43 9 70 6 22 15 54 10 81 2 44 5 94 13 95 11 29 16 14 14 50 18 98 8 18 4 50 20 96 1 74 7 66 19 38 12 49 
0 1246 2.0 20 19 79 13 40 2 71 4 39 15 13 3 19 12 1 11 82 1 58 14 26 16 44 9 18 8 94 6 8 10 68 20 90 17 39 7 47 5 43 18 80 
0 1375 2.0 20 13 82 11 1 20 76 3 22 10 17 17 15 7 64 18 71 8 22 16 79 4 89 5 80 6 7 2 78 15 87 12 88 19 22 1 59 14 75 9 24 
0 1263 2.0 20 13 56 10 93 9 63 7 23 8 31 1 90 2 46 12 83 11 21 19 4 4 53 15 99 14 65 18 99 17 58 6 5 16 33 3 17 20 26 5 7 
0 977 2.0 20 14 35 10 44 9 10 12 5 11 40 16 66 1 13 19 20 2 25 6 95 8 88 5 32 18 45 3 11 13 20 17 61 15 36 7 45 20 5 4 56 
0 1365 2.0 20 3 41 13 6 7 77 5 69 20 83 8 17 11 22 2 32 17 58 18 63 19 59 4 31 16 94 12 90 14 20 9 83 10 14 1 67 15 62 6 62 
0 1190 2.0 20 18 36 12 81 4 70 16 20 6 60 14 22 17 8 10 31 15 53 11 67 7 66 3 75 1 22 20 30 13 47 9 69 5 68 19 77 8 10 2 4 
0 1326 2.0 20 20 21 7 97 4 71 6 13 17 85 15 95 11 27 5 10 2 24 12 43 8 81 10 88 13 72 18 5 16 51 19 75 9 44 14 49 1 43 3 26 
0 1241 2.0 20 15 69 7 93 5 66 1 12 3 81 13 94 11 61 9 56 16 56 8 62 4 25 17 2 20 5 2 87 18 75 10 14 14 14 6 45 12 30 19 8 
0 1224 2.0 20 3 80 2 21 7 94 8 86 19 54 17 70 16 83 15 39 5 54 12 76 9 50 10 18 20 15 1 4 11 34 14 12 4 9 6 47 18 31 13 65 
0 1664 2.0 20 4 77 12 87 16 97 20 90 8 25 3 77 18 88 19 76 9 69 5 15 15 49 2 27 7 75 11 90 14 32 10 26 17 67 1 82 13 59 6 72 
0 1587 2.0 20 10 85 20 40 9 48 11 64 18 8 7 79 5 96 16 70 14 25 2 30 15 75 17 86 12 72 19 49 6 74 1 55 8 87 13 34 4 98 3 46 
0 1036 2.0 20 8 87 3 75 2 55 4 34 12 62 16 31 1 53 10 13 15 63 11 14 14 20 17 12 18 14 7 48 20 4 13 64 6 17 19 5 5 85 9 41 
0 1274 2.0 20 18 55 14 74 10 15 3 39 4 64 9 71 6 18 11 60 16 28 17 82 7 93 5 68 2 75 8 56 20 9 12 9 1 20 19 61 15 78 13 5 
0 1084 1.0 20 3 23 14 66 15 25 11 2 16 13 19 72 2 51 12 81 17 47 20 6 9 42 13 44 8 88 1 36 4 93 6 21 7 6 10 62 18 18 5 38 
0 1306 1.0 20 1 84 18 1 6 70 10 63 3 70 9 22 5 98 16 4 8 85 15 29 4 81 13 26 7 49 2 62 11 49 14 66 17 41 12 31 19 51 20 23 
0 1340 1.0 20 9 9 12 20 1 60 16 22 14 29 15 89 5 36 8 51 20 97 13 39 2 58 4 50 10 48 11 94 18 35 3 95 19 37 17 79 6 71 7 12 
0 1561 1.0 20 8 78 9 95 19 42 13 60 7 62 15 99 14 31 17 94 4 78 11 27 16 23 6 60 10 10 2 80 3 83 12 54 20 96 18 15 5 50 1 64 
0 1532 1.0 20 17 32 16 59 19 93 12 95 3 61 15 19 9 46 5 75 2 69 10 76 20 96 4 50 11 10 8 69 7 10 14 98 18 60 1 1 6 81 13 79 
0 1081 1.0 20 17 23 12 64 20 70 19 35 13 6 1 8 8 97 5 7 7 56 14 92 11 11 16 50 9 39 2 72 3 25 6 85 4 4 15 59 10 2 18 27 
0 1647 1.0 20 8 46 16 90 6 89 3 66 7 87 14 35 19 83 1 90 4 93 13 54 9 10 10 22 11 18 18 97 2 19 15 94 5 60 17 90 12 83 20 41 
0 1197 1.0 20 3 54 18 53 10 4 9 54 6 73 5 18 13 26 2 58 19 44 12 1 1 49 16 95 17 91 15 38 11 93 4 29 8 70 20 14 14 6 7 51 
0 1084 1.0 20 17 57 20 4 1 21 3 5 15 64 6 71 10 67 13 24 19 39 14 73 4 98 11 12 18 34 16 20 8 31 7 12 12 40 9 75 2 22 5 65 
0 1397 1.0 20 15 63 18 83 17 29 19 84 1 25 7 12 14 81 10 89 4 44 5 23 20 66 11 31 2 29 16 64 3 67 9 56 12 34 13 97 8 27 6 71 
0 1240 1.0 20 7 99 16 28 18 73 12 10 2 85 17 56 6 56 10 10 14 30 11 82 5 2 3 45 9 16 13 36 8 89 15 27 4 34 20 85 1 16 19 75 
0 1401 1.0 20 9 53 20 33 16 16 19 81 17 54 15 15 8 67 18 46 4 98 6 72 14 65 3 42 2 13 10 40 1 56 7 43 11 57 12 56 5 77 13 94 
0 1419 1.0 20 20 38 9 83 14 55 1 80 19 47 17 28 16 82 6 82 12 46 7 89 10 22 13 69 5 44 3 84 8 70 4 32 11 21 18 55 2 52 15 13 
0 1383 1.0 20 20 40 14 55 18 54 1 73 17 94 15 80 10 61 13 74 19 92 11 23 6 18 5 41 3 46 16 94 9 73 8 31 12 33 2 35 4 32 7 15 
0 1190 1.0 20 18 71 5 20 16 38 4 72 17 45 19 75 9 28 10 30 11 52 12 57 15 26 2 77 7 72 14 43 1 62 6 7 20 41 13 21 3 58 8 21 
0 1053 1.0 20 6 18 10 56 16 73 20 17 17 31 2 49 4 47 1 66 13 17 7 75 12 25 18 38 14 43 11 95 19 4 8 71 3 26 9 5 15 26 5 28 
0 1297 1.0 20 7 33 4 62 17 48 13 21 16 79 5 48 12 93 9 29 6 99 11 98 19 93 3 36 15 49 10 42 18 22 20 63 8 43 2 27 1 10 14 3 
0 1128 1.0 20 14 85 19 4 16 41 3 8 13 78 20 88 15 82 11 53 7 25 1 80 2 32 10 28 18 75 12 31 8 19 6 11 4 4 9 92 5 31 17 1 
0 1488 1.0 20 12 96 1 24 5 47 11 35 8 36 18 83 17 99 15 22 3 91 4 1 6 43 16 33 13 97 19 50 9 41 10 78 7 92 14 92 20 40 2 45 
0 1241 1.0 20 10 97 20 62 2 35 16 42 19 51 13 14 3 64 14 10 12 95 17 7 8 38 15 11 11 35 18 25 5 77 7 82 1 79 9 81 4 17 6 33 
