100 20 2000 
0 1458 4.0 20 10 53 20 48 8 17 7 42 3 70 14 99 12 23 19 79 17 42 9 88 15 23 4 77 2 59 5 45 6 84 1 58 16 47 11 91 13 29 18 48 
0 1367 4.0 20 4 52 3 74 7 35 16 3 17 45 19 36 9 92 15 20 11 58 13 14 14 5 2 93 18 46 1 36 6 94 12 76 8 63 5 95 10 66 20 49 
0 1285 4.0 20 13 42 12 62 14 83 17 59 8 60 10 8 4 15 20 10 11 1 15 78 3 27 1 98 19 35 7 22 2 80 18 77 16 86 6 63 5 44 9 39 
0 1250 4.0 20 13 10 20 6 6 62 12 67 15 66 5 38 14 20 8 76 7 94 16 67 19 34 2 59 1 27 4 61 18 10 3 67 11 21 17 90 9 73 10 14 
0 1134 4.0 20 13 17 3 37 11 21 12 91 9 7 19 44 18 22 7 50 6 31 14 82 10 53 15 21 5 89 17 35 20 48 16 16 4 70 2 93 1 41 8 5 
0 1548 4.0 20 13 63 15 68 19 45 1 41 10 78 4 74 16 97 17 14 3 48 14 54 18 91 8 92 12 91 11 64 6 61 20 6 9 6 5 60 2 65 7 73 
0 1420 4.0 20 3 91 19 58 9 75 11 11 18 7 13 86 20 70 10 26 8 53 5 5 12 81 15 66 2 57 4 77 1 89 17 49 14 3 16 59 7 93 6 37 
0 1414 4.0 20 6 33 12 97 1 81 19 35 17 83 7 28 4 47 8 34 14 23 10 96 11 31 15 94 20 63 16 21 13 1 2 56 18 36 9 50 5 91 3 88 
0 1363 4.0 20 9 37 2 70 8 38 16 84 18 25 13 32 15 72 19 37 17 23 1 14 4 44 14 3 10 25 5 91 20 97 12 88 11 64 7 81 6 65 3 59 
0 980 4.0 20 12 40 14 23 1 52 5 39 9 64 20 9 15 65 3 22 18 71 13 51 19 7 7 7 4 7 6 34 11 59 16 2 17 45 2 41 8 96 10 20 
0 1215 4.0 20 1 48 10 63 3 47 8 12 5 56 4 86 16 86 18 1 7 20 2 80 11 82 9 4 20 8 6 55 17 85 19 75 12 22 15 11 13 46 14 48 
0 1469 4.0 20 17 76 12 56 7 19 14 7 18 44 15 90 3 23 6 12 2 57 5 99 9 75 10 22 16 59 20 96 4 5 1 67 19 94 8 64 13 88 11 77 
0 1419 4.0 20 12 87 15 22 19 14 9 19 2 98 10 68 6 47 11 97 3 10 4 71 17 66 1 42 5 21 18 49 14 87 20 49 7 54 13 74 16 92 8 25 
0 1240 4.0 20 4 22 20 64 15 21 11 44 17 34 8 43 1 14 2 73 13 38 6 58 12 52 7 26 19 6 9 56 5 98 3 2 16 98 10 49 14 91 18 65 
0 1297 4.0 20 7 58 10 56 12 73 5 22 15 65 9 94 11 98 20 13 6 25 13 66 19 35 18 50 4 8 16 47 1 33 2 24 17 53 14 39 8 43 3 96 
0 1644 4.0 20 7 99 2 72 6 40 19 88 14 39 16 26 10 57 4 81 8 63 9 71 17 93 15 59 11 12 5 71 18 87 12 52 13 67 1 27 20 70 3 91 
0 1342 4.0 20 13 63 17 87 3 72 4 44 1 20 19 77 10 48 11 34 20 62 5 64 14 26 16 68 7 92 18 18 8 51 6 43 12 15 9 70 2 23 15 56 
0 1196 4.0 20 7 6 16 39 1 65 6 47 3 69 13 17 20 35 11 94 4 52 8 58 14 63 5 63 12 89 17 56 9 30 2 24 19 37 15 3 10 61 18 12 
0 1123 4.0 20 5 80 2 50 16 35 20 43 1 96 19 3 17 81 15 10 13 14 12 32 4 54 10 21 11 57 9 78 3 56 18 8 7 60 6 37 8 47 14 2 
0 1290 4.0 20 13 93 20 46 14 47 9 13 11 87 15 60 18 83 2 69 8 32 4 12 5 2 19 89 6 3 7 12 3 14 16 99 1 69 12 12 17 79 10 72 
0 1484 2.0 20 16 99 13 55 12 44 20 16 4 49 1 86 15 40 5 40 2 41 14 36 19 93 9 34 18 88 3 90 8 99 6 37 17 54 7 82 11 4 10 55 
0 1124 2.0 20 5 31 7 26 6 12 8 48 2 41 3 2 14 25 4 17 10 32 19 77 17 98 16 2 13 82 1 92 12 33 18 53 11 53 9 28 15 27 20 86 
0 1189 2.0 20 20 86 18 59 19 40 13 42 6 46 16 78 1 14 9 7 5 49 2 6 7 28 11 12 14 73 17 35 15 64 3 57 8 77 12 64 10 63 4 15 
0 1355 2.0 20 17 17 16 59 19 60 9 37 2 95 8 78 18 61 11 45 1 51 10 67 13 34 15 45 12 47 6 86 14 74 7 5 4 67 5 79 3 27 20 9 
0 1163 2.0 20 13 70 12 23 2 29 1 78 9 54 7 3 16 27 4 82 18 30 10 90 8 27 20 95 14 8 19 9 15 58 5 41 17 25 6 87 11 35 3 24 
0 1060 2.0 20 10 39 2 62 20 80 17 74 8 25 6 43 18 79 12 52 9 12 1 6 3 67 4 46 19 37 5 14 13 37 16 2 11 82 15 12 14 38 7 9 
0 1326 2.0 20 11 84 6 87 16 40 17 12 3 9 10 62 5 27 1 68 9 24 20 79 15 52 14 18 2 57 13 93 18 61 19 15 12 61 4 21 8 93 7 57 
0 1050 2.0 20 9 54 6 89 10 30 20 4 3 37 12 72 19 1 5 10 4 65 8 81 13 22 2 17 7 72 11 41 15 51 16 42 17 21 1 39 18 1 14 59 
0 1184 2.0 20 5 65 7 82 13 11 6 85 10 8 16 53 1 89 17 29 12 60 4 22 8 46 9 29 18 22 19 71 14 35 20 6 3 22 11 77 15 69 2 30 
0 1336 2.0 20 17 43 16 35 11 84 4 68 6 85 15 3 13 11 19 13 14 66 1 74 2 30 9 54 20 12 18 94 8 85 5 86 3 74 12 17 7 88 10 6 
0 1458 2.0 20 12 81 6 3 4 69 5 81 1 52 10 59 17 88 18 99 14 63 13 35 19 48 11 26 3 44 2 38 15 32 20 4 8 80 16 44 9 86 7 90 
0 1257 2.0 20 16 35 3 14 12 63 13 25 6 7 2 22 11 72 4 38 8 63 15 80 19 65 20 84 14 8 5 18 18 79 9 42 7 94 10 89 1 29 17 40 
0 1366 2.0 20 17 98 18 76 14 87 3 69 2 65 7 64 15 58 5 7 19 18 16 7 20 9 1 36 13 48 9 48 10 83 11 43 6 35 4 84 12 32 8 84 
0 1274 2.0 20 15 22 1 95 18 92 20 95 19 70 12 84 5 3 4 56 13 31 16 10 11 35 14 47 17 94 10 61 8 45 3 47 2 4 6 1 7 35 9 53 
0 1179 2.0 20 17 1 16 22 15 46 7 91 5 78 6 48 2 32 20 93 1 28 11 91 3 16 13 52 18 48 14 43 9 11 10 68 4 44 8 51 12 11 19 33 
0 1203 2.0 20 15 26 4 65 6 93 19 8 7 44 17 98 2 50 20 36 11 5 3 68 13 6 10 49 1 46 5 55 18 1 8 94 14 13 12 39 16 90 9 40 
0 1508 2.0 20 11 63 17 30 8 24 12 41 15 97 6 71 14 92 13 91 18 22 7 97 10 49 3 40 4 37 2 36 9 23 16 83 19 53 1 71 20 64 5 76 
0 1003 2.0 20 6 37 16 60 14 79 17 25 19 83 20 21 9 10 12 78 5 75 7 9 4 70 3 36 1 41 18 8 2 1 11 19 13 1 15 6 10 67 8 46 
0 1097 2.0 20 14 5 1 29 12 76 8 16 19 81 6 9 7 94 9 82 15 71 5 5 10 3 11 38 20 25 16 85 2 45 3 62 4 30 13 58 18 10 17 20 
0 1216 2.0 20 6 85 12 99 14 30 10 23 18 91 4 32 15 61 13 42 20 11 5 56 17 33 2 30 16 27 3 19 19 14 1 81 11 21 9 56 8 57 7 68 
0 1206 2.0 20 2 4 8 20 16 37 10 62 20 79 6 62 18 71 9 18 3 82 12 7 4 42 13 97 7 10 1 6 15 25 11 70 17 27 14 87 19 69 5 53 
0 1203 2.0 20 13 14 14 19 7 36 19 52 9 88 3 67 15 2 2 30 17 83 5 86 8 97 10 33 1 23 20 5 6 42 12 77 11 47 4 58 18 23 16 44 
0 1367 2.0 20 6 82 14 73 10 91 12 78 11 54 17 1 5 30 19 9 1 37 18 3 9 71 4 26 15 98 3 70 8 35 20 55 13 72 7 47 16 35 2 85 
0 1313 2.0 20 11 36 2 14 18 96 3 61 20 3 15 30 1 98 9 75 16 41 17 79 4 96 10 73 19 54 5 72 13 29 8 6 7 31 6 32 12 34 14 50 
0 1306 2.0 20 20 93 14 16 4 96 8 73 11 94 7 36 10 29 3 38 15 63 12 14 18 7 13 7 5 56 17 54 6 7 16 83 19 33 9 60 1 88 2 58 
0 1105 2.0 20 17 64 13 11 15 13 20 4 10 74 9 23 16 84 19 62 1 8 7 42 3 96 12 26 14 41 8 2 5 28 4 14 2 99 6 14 18 65 11 80 
0 1209 2.0 20 5 10 4 99 11 20 16 80 12 60 6 2 1 98 13 97 15 1 2 1 3 59 20 1 17 26 19 99 9 89 7 38 8 15 18 47 10 74 14 14 
0 1341 2.0 20 2 52 20 50 6 13 15 73 13 88 14 67 19 78 10 82 8 18 17 86 1 27 7 34 11 26 16 30 18 17 5 2 12 87 3 85 9 40 4 77 
0 1297 2.0 20 5 70 7 98 4 23 14 29 2 88 11 31 3 7 6 92 19 3 17 80 18 18 8 39 16 57 9 56 10 8 20 1 1 79 15 90 12 74 13 55 
0 1335 2.0 20 20 25 7 29 1 51 4 83 6 91 5 93 13 44 9 16 3 23 8 7 18 57 19 56 10 72 2 41 11 68 15 25 14 63 17 43 16 87 12 53 
0 1332 2.0 20 10 35 19 12 13 89 11 41 2 70 3 18 14 70 7 69 9 5 18 59 8 30 5 34 12 23 4 42 1 45 16 92 20 92 17 60 15 98 6 41 
0 1036 2.0 20 12 61 2 4 3 30 16 50 14 50 9 39 5 41 11 15 17 22 15 55 13 37 18 7 19 88 7 58 6 90 1 64 4 7 20 23 8 19 10 37 
0 1296 2.0 20 17 4 13 57 11 1 3 80 7 21 19 35 10 32 18 98 1 78 2 50 16 79 5 53 20 40 12 19 8 25 14 84 9 91 6 51 15 95 4 4 
0 1358 2.0 20 14 73 6 92 9 25 20 41 10 58 16 36 2 50 11 90 5 98 18 39 19 94 15 64 3 15 1 29 8 27 4 89 17 50 13 26 12 38 7 11 
0 1578 2.0 20 15 82 3 37 4 99 7 34 13 94 6 46 17 74 20 45 5 78 2 41 10 58 8 43 1 71 16 59 12 25 18 55 19 84 14 48 11 84 9 57 
0 1248 2.0 20 3 11 12 53 1 39 16 81 20 66 7 99 5 73 4 76 18 7 15 91 10 33 17 47 19 14 9 51 2 25 14 4 6 15 8 26 11 79 13 70 
0 1402 2.0 20 7 79 16 97 10 9 1 56 15 50 9 43 14 55 2 32 5 91 6 75 18 83 19 17 13 55 11 43 20 80 12 62 3 60 8 3 17 56 4 33 
0 1277 2.0 20 14 97 3 40 13 32 4 7 6 85 7 60 18 19 20 13 9 54 11 62 17 47 1 11 16 32 12 49 19 65 10 69 8 67 2 96 5 7 15 71 
0 1331 2.0 20 20 7 8 54 16 19 15 14 11 68 10 74 5 1 18 62 14 53 3 51 9 35 7 23 12 88 2 68 19 53 17 39 4 65 1 64 13 93 6 93 
0 1288 2.0 20 13 9 1 28 18 6 19 73 7 73 6 71 12 7 4 57 3 95 11 93 16 56 8 67 10 23 14 30 9 98 2 37 5 34 15 27 20 45 17 62 
0 1320 2.0 20 4 32 1 71 15 47 6 16 5 50 16 96 3 31 18 10 13 63 11 10 17 74 8 88 7 32 12 50 9 93 10 41 20 55 14 5 19 69 2 83 
0 1307 2.0 20 8 4 5 8 16 91 14 54 12 59 10 51 2 58 9 55 7 63 1 3 13 64 19 38 20 21 15 8 4 69 17 93 11 95 3 61 18 37 6 74 
0 1329 2.0 20 8 86 5 46 2 71 20 94 7 84 15 72 14 51 13 75 1 46 18 17 12 35 19 22 6 43 16 64 11 4 9 32 10 22 4 71 17 26 3 62 
0 1337 2.0 20 2 44 10 55 6 12 15 38 18 35 1 6 4 61 3 93 19 18 14 62 5 42 12 23 13 9 7 71 9 79 20 84 8 90 11 67 17 92 16 48 
0 1266 2.0 20 2 78 19 22 13 8 1 85 6 92 12 8 10 45 15 38 3 20 16 38 9 73 7 53 4 44 18 19 11 75 14 41 8 71 5 6 20 84 17 74 
0 1363 2.0 20 9 30 20 41 19 20 8 49 5 60 17 59 7 40 16 72 10 31 13 26 2 55 15 3 18 61 3 57 11 58 4 87 1 88 14 40 12 94 6 78 
0 1206 2.0 20 8 8 3 15 2 66 7 46 12 22 13 66 15 13 19 7 10 30 16 64 4 55 9 31 18 96 17 82 20 60 1 14 14 63 5 56 6 71 11 63 
0 1475 2.0 20 17 29 4 10 6 78 11 46 16 94 9 97 7 85 15 86 14 63 20 50 19 49 8 27 18 63 12 81 3 4 1 80 5 9 13 95 2 6 10 83 
0 1258 2.0 20 6 63 12 28 2 37 1 62 17 56 11 73 7 54 3 70 8 53 9 7 13 35 15 64 19 22 5 98 16 41 20 6 18 88 10 20 14 5 4 86 
0 1651 2.0 20 9 84 4 84 3 21 15 35 1 54 2 98 17 95 7 54 12 63 10 59 5 74 19 90 20 68 11 98 6 39 18 83 14 5 8 19 13 74 16 73 
0 1333 2.0 20 3 1 17 41 10 31 7 10 20 99 4 94 1 9 8 69 13 55 18 92 19 17 6 89 15 73 11 10 5 98 14 38 16 13 12 52 2 48 9 87 
0 1254 2.0 20 12 70 8 40 16 18 15 41 3 26 1 65 2 7 5 56 13 32 10 37 4 32 20 48 17 77 6 26 18 91 11 5 14 33 19 74 9 90 7 97 
0 1316 2.0 20 16 1 12 55 9 80 15 27 4 58 14 92 19 18 1 91 5 23 7 96 2 86 18 40 20 17 13 39 10 49 6 31 3 60 8 53 17 74 11 23 
0 1179 2.0 20 7 73 18 19 6 89 1 90 8 27 16 84 19 73 20 30 2 51 13 33 3 84 11 21 5 38 9 29 4 34 10 12 15 57 17 46 14 9 12 8 
0 1500 2.0 20 17 65 7 39 18 15 6 72 12 65 10 6 14 99 20 83 2 65 15 84 3 85 8 90 9 23 19 45 1 74 16 88 5 26 13 41 11 61 4 28 
0 1318 2.0 20 4 86 6 60 18 48 16 8 7 18 14 14 13 71 17 41 15 76 11 57 1 72 19 23 2 81 8 50 9 60 12 15 5 33 20 54 3 67 10 80 
0 1443 2.0 20 13 25 16 19 20 88 4 68 11 40 17 42 3 60 19 29 12 87 8 57 10 77 9 23 18 91 14 34 1 96 2 22 5 84 6 26 15 66 7 76 
0 1206 2.0 20 6 41 7 23 13 34 4 31 5 65 11 43 16 51 1 35 18 42 15 56 20 29 9 79 8 22 17 66 10 68 14 32 2 21 12 82 3 42 19 66 
0 1406 2.0 20 2 29 18 24 19 48 16 13 1 93 15 68 6 17 12 51 9 49 4 76 17 40 7 88 3 85 10 43 14 56 5 31 13 77 8 88 11 53 20 53 
0 991 2.0 20 9 17 7 18 2 36 11 1 6 54 13 20 1 95 12 20 3 57 4 42 5 3 16 55 18 18 14 39 20 85 19 28 8 21 15 49 10 7 17 98 
0 1313 1.0 20 1 89 15 97 19 66 16 17 6 2 8 32 13 94 12 71 11 87 17 45 7 45 10 21 20 91 3 30 4 33 9 20 18 97 5 34 14 15 2 24 
0 1197 1.0 20 11 57 3 89 19 78 14 21 12 58 10 78 15 25 5 51 16 7 13 1 20 61 18 92 2 13 4 73 7 35 17 46 1 61 9 4 8 68 6 3 
0 1333 1.0 20 11 77 5 79 8 61 19 52 9 74 10 31 18 71 20 98 2 4 15 62 17 44 16 38 12 25 14 29 6 40 1 30 3 65 4 79 13 57 7 10 
0 1410 1.0 20 1 50 4 95 2 33 20 34 16 49 9 25 17 22 12 87 14 46 11 13 6 96 10 98 7 43 8 80 18 70 13 7 15 97 5 19 19 74 3 47 
0 1489 1.0 20 11 83 7 93 9 90 3 96 8 75 16 41 14 68 10 43 19 77 13 32 17 75 2 1 18 28 12 11 15 90 6 5 5 4 4 63 20 79 1 92 
0 1514 1.0 20 19 61 13 65 7 48 20 2 16 98 17 44 2 4 3 50 8 66 4 97 18 26 5 85 1 71 10 52 12 32 14 98 15 60 11 88 9 75 6 43 
0 1231 1.0 20 10 97 16 42 9 77 15 4 1 80 8 95 4 17 19 50 5 32 14 44 3 93 13 2 7 5 20 68 6 78 17 21 12 70 18 18 11 49 2 5 
0 1426 1.0 20 17 86 19 18 16 71 1 19 7 13 3 72 13 12 15 64 4 78 12 37 10 69 14 13 8 78 9 60 6 71 20 63 11 77 18 41 5 84 2 71 
0 1432 1.0 20 10 17 7 80 13 96 19 44 16 2 12 92 18 32 4 57 8 74 15 32 11 48 1 61 5 47 17 78 20 81 9 86 2 29 3 64 14 48 6 34 
0 1379 1.0 20 17 8 14 79 18 71 15 87 13 1 16 61 19 82 9 7 20 53 7 70 3 54 12 62 6 75 11 13 1 53 4 53 5 78 2 97 10 18 8 39 
0 1289 1.0 20 17 70 3 55 15 92 4 59 20 62 10 16 7 4 18 29 16 18 1 20 8 56 12 82 6 33 13 77 19 64 9 25 11 75 2 46 14 54 5 55 
0 1216 1.0 20 14 71 10 69 2 9 19 92 8 69 13 91 20 63 3 3 12 96 7 9 18 48 4 29 17 14 15 15 16 11 5 2 9 43 1 52 6 54 11 96 
0 1259 1.0 20 4 72 20 65 10 18 17 80 15 55 6 45 5 34 7 67 16 59 12 5 2 38 8 99 9 91 11 15 3 42 14 74 1 24 18 23 19 10 13 53 
0 1406 1.0 20 12 3 8 17 16 78 17 72 4 63 3 92 13 35 6 62 18 86 20 5 15 55 7 77 10 95 11 49 9 6 19 58 1 16 14 78 2 62 5 73 
0 1462 1.0 20 9 38 16 51 14 28 15 76 19 38 17 96 20 91 1 32 8 90 18 73 13 56 12 67 5 4 2 55 4 77 10 20 7 43 3 62 6 79 11 49 
0 1440 1.0 20 18 37 9 71 3 80 12 33 10 95 5 41 11 15 16 67 6 10 20 94 1 63 15 97 7 56 17 42 19 35 4 63 8 16 13 92 2 13 14 88 
0 1376 1.0 20 1 14 19 41 13 82 5 47 9 49 15 52 6 64 7 25 17 12 14 56 3 47 8 42 10 77 16 89 18 92 2 41 4 75 20 23 12 40 11 91 
0 1433 1.0 20 10 99 16 52 15 30 13 27 8 86 4 29 6 80 20 78 1 76 3 13 2 12 9 23 5 66 17 30 7 66 19 52 11 67 12 42 14 91 18 84 
0 1136 1.0 20 20 94 5 7 11 40 19 29 2 87 18 18 1 82 9 75 6 32 10 45 15 19 7 23 13 69 8 1 3 92 16 9 4 29 14 37 17 8 12 78 
0 1124 1.0 20 5 79 12 39 10 46 18 95 1 4 13 55 15 80 2 79 20 35 14 11 3 4 4 24 16 63 17 14 7 34 9 14 11 57 8 58 6 14 19 60 
