50 20 1000 
0 1569 4.0 20 11 20 2 22 3 38 8 33 18 24 5 72 4 75 19 61 1 2 15 17 7 67 20 50 16 65 17 77 14 65 13 35 6 68 12 76 10 98 9 81 
0 1653 4.0 20 12 73 4 86 8 26 19 42 13 50 6 13 14 92 7 15 5 77 15 74 11 48 3 54 2 46 17 60 20 83 1 78 16 1 10 91 9 33 18 60 
0 1566 4.0 20 15 67 20 63 6 54 12 65 17 29 13 51 2 74 9 16 7 11 5 97 3 87 10 66 19 4 11 10 18 52 1 85 14 60 4 64 8 40 16 49 
0 1480 4.0 20 11 31 17 73 16 2 3 4 15 87 2 81 12 90 8 92 6 27 19 51 13 4 1 42 5 21 9 77 18 71 7 5 10 77 4 81 20 39 14 32 
0 1416 4.0 20 20 18 9 13 5 89 15 45 13 59 14 90 3 86 10 71 4 5 1 54 2 42 11 60 18 32 7 16 19 86 12 70 17 7 8 16 6 81 16 4 
0 1308 4.0 20 1 59 10 55 12 3 19 43 4 26 16 19 3 57 18 75 11 35 9 40 14 17 13 3 15 96 5 82 6 26 2 23 7 97 17 23 8 65 20 28 
0 1630 4.0 20 1 83 9 81 13 19 6 54 12 86 17 94 8 49 3 38 16 38 4 33 11 93 19 63 7 51 14 45 15 68 20 4 18 29 2 53 5 85 10 21 
0 1150 4.0 20 11 46 16 8 20 5 18 29 7 32 2 34 15 3 1 10 17 45 8 70 5 77 19 1 14 62 4 79 3 50 13 2 12 18 10 89 9 86 6 21 
0 1276 4.0 20 12 17 7 47 8 7 2 20 18 9 10 92 13 23 19 76 1 71 9 20 5 21 16 72 15 71 6 92 4 92 11 17 20 9 17 38 3 23 14 34 
0 1317 4.0 20 14 6 19 74 9 29 15 99 12 80 17 27 11 43 16 36 1 31 10 63 2 34 5 26 20 98 8 47 4 69 3 5 6 55 13 22 18 15 7 19 
0 1672 2.0 20 19 77 9 12 15 96 3 84 6 22 2 16 7 59 14 94 1 69 18 68 16 81 4 13 17 45 12 61 11 27 20 26 8 12 5 86 10 82 13 85 
0 1546 2.0 20 7 27 19 81 17 2 13 29 1 61 18 2 2 40 12 78 16 65 8 68 5 39 3 68 11 39 9 63 20 59 14 79 15 96 6 11 10 76 4 48 
0 1741 2.0 20 20 95 14 62 19 10 12 68 7 42 4 61 6 73 15 51 17 81 5 75 8 37 16 96 11 65 18 45 13 44 9 43 2 19 10 44 1 94 3 56 
0 1417 2.0 20 2 23 16 70 18 24 15 4 11 86 14 90 5 86 10 83 1 75 19 46 12 92 13 94 17 23 20 29 9 6 3 3 8 33 6 12 7 51 4 15 
0 1554 2.0 20 6 7 16 55 4 26 15 30 1 79 5 58 13 86 2 70 10 68 7 98 9 26 12 32 11 98 18 35 3 37 20 13 8 85 14 85 19 14 17 34 
0 1446 2.0 20 14 21 20 68 19 1 13 76 12 44 15 4 18 48 2 39 3 73 7 81 1 50 16 97 8 41 11 79 4 10 10 73 6 36 9 28 5 64 17 31 
0 1780 2.0 20 17 76 6 55 15 41 8 46 18 80 1 99 4 99 2 59 7 14 3 86 13 69 9 24 10 54 12 34 14 32 20 98 11 74 5 67 19 24 16 56 
0 1648 2.0 20 16 14 2 32 12 77 18 81 20 35 1 38 9 38 19 38 3 61 7 87 15 70 17 79 10 25 6 46 8 88 4 18 13 76 5 98 11 75 14 23 
0 1458 2.0 20 6 61 2 92 18 6 4 58 19 26 11 26 13 36 20 89 8 9 16 35 1 54 3 5 7 72 12 91 10 4 15 61 9 75 14 42 5 85 17 45 
0 1762 2.0 20 13 46 20 89 7 49 14 86 12 14 6 62 15 53 9 59 8 27 3 86 19 10 1 87 5 99 18 4 2 84 16 62 11 74 10 30 17 68 4 86 
0 1534 2.0 20 13 1 14 3 12 84 1 78 11 42 16 73 9 98 8 91 4 70 10 53 6 57 15 36 19 76 2 4 7 76 20 22 18 70 5 67 17 6 3 16 
0 1731 2.0 20 13 80 19 91 14 24 7 36 3 44 15 81 8 78 11 65 4 2 18 91 20 62 16 41 9 40 12 96 2 64 1 5 10 81 5 71 17 31 6 71 
0 1704 2.0 20 10 3 15 68 6 55 18 13 8 83 11 13 17 12 2 98 9 86 7 10 12 70 13 59 3 89 1 74 5 83 20 30 4 56 16 99 19 68 14 67 
0 1651 2.0 20 7 35 20 74 15 59 14 17 12 56 9 64 6 67 5 77 13 84 3 10 10 35 1 79 11 12 17 91 19 36 18 84 8 1 2 41 4 98 16 81 
0 1543 2.0 20 5 32 3 10 12 39 13 58 15 24 9 56 18 83 1 77 10 78 19 99 20 95 4 67 6 81 14 15 17 5 7 35 2 10 11 24 16 97 8 44 
0 1542 2.0 20 9 55 10 41 18 99 3 27 20 94 15 12 14 33 5 3 1 71 12 5 16 88 7 25 6 66 4 80 2 39 17 90 8 79 13 56 19 60 11 5 
0 1473 2.0 20 17 69 13 41 3 25 1 82 2 32 4 70 14 38 5 22 15 95 10 98 6 6 12 64 16 52 9 46 20 71 18 41 19 40 7 35 11 22 8 33 
0 1389 2.0 20 20 14 15 38 3 32 17 38 18 64 6 67 9 13 13 74 7 74 4 67 14 39 11 53 8 55 12 15 10 93 2 37 1 7 16 53 5 54 19 39 
0 1774 2.0 20 18 84 19 77 8 6 2 45 4 91 10 77 7 12 17 96 15 24 13 90 12 54 1 52 6 49 3 97 5 80 9 84 14 44 16 37 20 79 11 5 
0 1438 2.0 20 5 69 10 28 14 32 7 68 6 59 9 23 3 86 17 54 8 41 1 80 13 57 12 45 19 19 18 38 20 89 2 21 4 5 15 64 11 65 16 16 
0 1492 2.0 20 5 57 7 47 10 1 12 79 9 9 11 66 14 84 8 21 6 35 3 97 1 83 4 45 15 18 13 21 20 19 2 37 17 93 18 83 19 46 16 54 
0 1438 2.0 20 7 46 1 12 5 44 13 75 20 32 12 15 3 49 17 4 2 29 18 76 9 65 16 39 19 73 15 54 10 63 8 78 6 18 11 91 4 3 14 93 
0 1293 2.0 20 10 98 15 7 3 47 19 56 16 37 9 3 18 17 1 94 6 9 17 19 12 91 5 58 11 8 14 32 4 60 7 5 8 64 13 3 20 56 2 98 
0 1444 2.0 20 3 93 10 63 8 40 7 88 15 20 18 11 12 16 13 55 19 61 9 81 2 17 11 16 5 45 17 46 14 85 16 89 20 1 6 22 1 59 4 55 
0 1500 2.0 20 8 76 19 86 1 83 11 26 18 4 3 61 13 72 5 81 4 44 20 48 9 17 14 72 2 14 12 46 15 46 7 80 10 74 17 11 16 57 6 2 
0 1572 2.0 20 2 13 17 49 18 76 9 41 10 3 12 13 4 95 3 98 7 29 8 48 19 60 6 67 20 28 16 64 5 36 13 47 15 78 11 83 1 32 14 88 
0 1365 2.0 20 4 58 11 74 15 41 20 75 13 45 12 19 1 51 5 39 9 94 14 41 8 62 10 75 16 36 2 5 17 80 6 47 18 36 7 23 3 6 19 3 
0 1525 2.0 20 16 92 2 64 9 1 6 65 18 2 3 87 12 45 19 73 17 30 20 67 13 68 7 33 4 35 15 65 11 50 10 93 5 36 14 18 8 39 1 54 
0 1455 2.0 20 6 40 3 11 14 8 15 29 16 26 11 65 17 26 9 17 20 52 18 24 2 87 1 67 8 88 5 83 7 36 13 30 12 97 10 19 19 97 4 68 
0 1726 2.0 20 16 64 1 61 8 59 17 65 10 93 20 80 6 83 13 5 3 50 2 42 18 49 14 69 19 86 7 14 4 84 11 41 9 31 12 67 5 88 15 20 
0 1335 1.0 20 16 45 7 22 4 2 3 83 9 61 19 55 6 85 20 72 12 37 10 56 1 73 14 65 17 19 2 42 18 51 11 88 15 2 13 1 5 1 8 30 
0 1717 1.0 20 11 74 13 28 20 87 19 91 9 68 3 27 2 42 1 99 7 7 5 23 6 27 17 16 16 86 15 61 14 28 10 62 8 87 18 72 4 93 12 67 
0 1206 1.0 20 12 77 17 20 18 53 2 52 1 14 10 57 5 2 4 78 7 63 11 12 19 10 15 1 8 59 6 1 9 67 13 53 16 76 3 17 14 80 20 12 
0 1807 1.0 20 5 74 14 86 18 78 7 55 9 75 20 37 13 36 1 49 6 50 17 93 2 52 11 77 8 83 10 29 19 84 3 60 4 92 16 61 15 31 12 3 
0 1528 1.0 20 7 76 19 26 11 38 20 61 3 67 1 60 16 40 12 7 5 20 13 7 9 97 2 76 8 18 15 83 18 39 10 64 6 43 4 39 17 79 14 79 
0 1837 1.0 20 8 61 20 73 1 91 2 42 4 70 14 73 18 34 3 81 9 19 15 64 5 54 17 96 13 89 6 3 10 55 11 94 12 93 7 24 19 10 16 99 
0 1192 1.0 20 3 73 19 10 20 6 1 67 15 22 12 50 14 4 5 29 8 34 6 15 16 46 13 32 18 66 11 28 10 67 4 63 2 60 9 39 17 65 7 19 
0 1666 1.0 20 3 94 13 77 18 36 19 97 17 38 6 8 7 71 9 83 16 43 10 86 20 33 14 94 11 30 8 33 5 89 4 37 12 1 15 35 1 94 2 32 
0 1372 1.0 20 11 24 8 67 17 61 6 41 13 18 1 4 15 91 4 73 2 33 12 96 14 59 19 63 16 40 18 5 10 10 5 45 20 27 9 53 3 24 7 81 
0 1665 1.0 20 15 31 9 99 13 14 12 64 20 89 18 43 4 93 11 32 3 32 10 26 1 22 14 33 17 89 19 41 6 40 8 87 7 26 2 98 16 53 5 98 
